data_gemm_atlas(  1, 1:5 ) = [  200  200  200   1.935e-03   8.267 ];
data_gemm_atlas(  2, 1:5 ) = [  400  400  400   1.300e-02   9.849 ];
data_gemm_atlas(  3, 1:5 ) = [  600  600  600   4.406e-02   9.804 ];
data_gemm_atlas(  4, 1:5 ) = [  800  800  800   1.020e-01  10.034 ];
data_gemm_atlas(  5, 1:5 ) = [ 1000 1000 1000   1.984e-01  10.081 ];
data_gemm_atlas(  6, 1:5 ) = [ 1200 1200 1200   3.416e-01  10.116 ];
data_gemm_atlas(  7, 1:5 ) = [ 1400 1400 1400   5.354e-01  10.249 ];
data_gemm_atlas(  8, 1:5 ) = [ 1600 1600 1600   8.005e-01  10.234 ];
data_gemm_atlas(  9, 1:5 ) = [ 1800 1800 1800   1.142e+00  10.212 ];
data_gemm_atlas( 10, 1:5 ) = [ 2000 2000 2000   1.560e+00  10.254 ];
