data_gemm_openblas(  1, 1:5 ) = [  200  200  200   5.892e-04  27.156 ];
data_gemm_openblas(  2, 1:5 ) = [  400  400  400   4.097e-03  31.242 ];
data_gemm_openblas(  3, 1:5 ) = [  600  600  600   1.339e-02  32.273 ];
data_gemm_openblas(  4, 1:5 ) = [  800  800  800   3.133e-02  32.681 ];
data_gemm_openblas(  5, 1:5 ) = [ 1000 1000 1000   6.118e-02  32.691 ];
data_gemm_openblas(  6, 1:5 ) = [ 1200 1200 1200   1.053e-01  32.816 ];
data_gemm_openblas(  7, 1:5 ) = [ 1400 1400 1400   1.664e-01  32.978 ];
data_gemm_openblas(  8, 1:5 ) = [ 1600 1600 1600   2.467e-01  33.203 ];
data_gemm_openblas(  9, 1:5 ) = [ 1800 1800 1800   3.582e-01  32.561 ];
data_gemm_openblas( 10, 1:5 ) = [ 2000 2000 2000   5.040e-01  31.746 ];
