data_gemm_blis(  1, 1:5 ) = [  200  200  200   8.995e-03   1.779 ];
data_gemm_blis(  2, 1:5 ) = [  400  400  400   6.986e-02   1.832 ];
data_gemm_blis(  3, 1:5 ) = [  600  600  600   2.359e-01   1.831 ];
data_gemm_blis(  4, 1:5 ) = [  800  800  800   5.592e-01   1.831 ];
data_gemm_blis(  5, 1:5 ) = [ 1000 1000 1000   1.087e+00   1.840 ];
data_gemm_blis(  6, 1:5 ) = [ 1200 1200 1200   1.878e+00   1.840 ];
data_gemm_blis(  7, 1:5 ) = [ 1400 1400 1400   2.984e+00   1.839 ];
data_gemm_blis(  8, 1:5 ) = [ 1600 1600 1600   4.457e+00   1.838 ];
data_gemm_blis(  9, 1:5 ) = [ 1800 1800 1800   6.345e+00   1.838 ];
data_gemm_blis( 10, 1:5 ) = [ 2000 2000 2000   8.688e+00   1.842 ];
