data_gemv_openblas(  1, 1:4 ) = [   40   40   1.247e-06   2.566 ];
data_gemv_openblas(  2, 1:4 ) = [   80   80   4.152e-06   3.083 ];
data_gemv_openblas(  3, 1:4 ) = [  120  120   1.327e-05   2.170 ];
data_gemv_openblas(  4, 1:4 ) = [  160  160   1.479e-05   3.462 ];
data_gemv_openblas(  5, 1:4 ) = [  200  200   2.261e-05   3.538 ];
data_gemv_openblas(  6, 1:4 ) = [  240  240   1.081e-05  10.659 ];
data_gemv_openblas(  7, 1:4 ) = [  280  280   1.652e-05   9.490 ];
data_gemv_openblas(  8, 1:4 ) = [  320  320   2.106e-05   9.726 ];
data_gemv_openblas(  9, 1:4 ) = [  360  360   2.960e-05   8.756 ];
data_gemv_openblas( 10, 1:4 ) = [  400  400   3.272e-05   9.781 ];
data_gemv_openblas( 11, 1:4 ) = [  440  440   4.303e-05   8.998 ];
data_gemv_openblas( 12, 1:4 ) = [  480  480   4.014e-05  11.480 ];
data_gemv_openblas( 13, 1:4 ) = [  520  520   5.947e-05   9.093 ];
data_gemv_openblas( 14, 1:4 ) = [  560  560   5.452e-05  11.505 ];
data_gemv_openblas( 15, 1:4 ) = [  600  600   6.596e-05  10.915 ];
data_gemv_openblas( 16, 1:4 ) = [  640  640   6.849e-05  11.961 ];
data_gemv_openblas( 17, 1:4 ) = [  680  680   8.702e-05  10.628 ];
data_gemv_openblas( 18, 1:4 ) = [  720  720   8.739e-05  11.865 ];
data_gemv_openblas( 19, 1:4 ) = [  760  760   9.885e-05  11.687 ];
data_gemv_openblas( 20, 1:4 ) = [  800  800   9.642e-05  13.276 ];
data_gemv_openblas( 21, 1:4 ) = [  840  840   1.261e-04  11.193 ];
data_gemv_openblas( 22, 1:4 ) = [  880  880   1.314e-04  11.784 ];
data_gemv_openblas( 23, 1:4 ) = [  920  920   1.442e-04  11.740 ];
data_gemv_openblas( 24, 1:4 ) = [  960  960   1.748e-04  10.545 ];
data_gemv_openblas( 25, 1:4 ) = [ 1000 1000   2.866e-04   6.979 ];
data_gemv_openblas( 26, 1:4 ) = [ 1040 1040   3.673e-04   5.889 ];
data_gemv_openblas( 27, 1:4 ) = [ 1080 1080   5.657e-04   4.124 ];
data_gemv_openblas( 28, 1:4 ) = [ 1120 1120   5.724e-04   4.383 ];
data_gemv_openblas( 29, 1:4 ) = [ 1160 1160   7.340e-04   3.666 ];
data_gemv_openblas( 30, 1:4 ) = [ 1200 1200   7.654e-04   3.763 ];
data_gemv_openblas( 31, 1:4 ) = [ 1240 1240   8.146e-04   3.775 ];
data_gemv_openblas( 32, 1:4 ) = [ 1280 1280   7.765e-04   4.220 ];
data_gemv_openblas( 33, 1:4 ) = [ 1320 1320   9.875e-04   3.529 ];
data_gemv_openblas( 34, 1:4 ) = [ 1360 1360   9.667e-04   3.826 ];
data_gemv_openblas( 35, 1:4 ) = [ 1400 1400   1.131e-03   3.466 ];
data_gemv_openblas( 36, 1:4 ) = [ 1440 1440   1.131e-03   3.667 ];
data_gemv_openblas( 37, 1:4 ) = [ 1480 1480   1.266e-03   3.459 ];
data_gemv_openblas( 38, 1:4 ) = [ 1520 1520   1.271e-03   3.635 ];
data_gemv_openblas( 39, 1:4 ) = [ 1560 1560   1.531e-03   3.179 ];
data_gemv_openblas( 40, 1:4 ) = [ 1600 1600   1.302e-03   3.933 ];
data_gemv_openblas( 41, 1:4 ) = [ 1640 1640   1.559e-03   3.450 ];
data_gemv_openblas( 42, 1:4 ) = [ 1680 1680   1.689e-03   3.342 ];
data_gemv_openblas( 43, 1:4 ) = [ 1720 1720   1.729e-03   3.423 ];
data_gemv_openblas( 44, 1:4 ) = [ 1760 1760   1.553e-03   3.988 ];
data_gemv_openblas( 45, 1:4 ) = [ 1800 1800   2.036e-03   3.182 ];
data_gemv_openblas( 46, 1:4 ) = [ 1840 1840   1.892e-03   3.578 ];
data_gemv_openblas( 47, 1:4 ) = [ 1880 1880   2.085e-03   3.391 ];
data_gemv_openblas( 48, 1:4 ) = [ 1920 1920   2.065e-03   3.570 ];
data_gemv_openblas( 49, 1:4 ) = [ 1960 1960   2.236e-03   3.436 ];
data_gemv_openblas( 50, 1:4 ) = [ 2000 2000   2.179e-03   3.672 ];
