data_hemm_blis(  1, 1:4 ) = [  200  200   8.790e-03   1.820 ];
data_hemm_blis(  2, 1:4 ) = [  400  400   6.977e-02   1.835 ];
data_hemm_blis(  3, 1:4 ) = [  600  600   2.355e-01   1.834 ];
data_hemm_blis(  4, 1:4 ) = [  800  800   5.585e-01   1.834 ];
data_hemm_blis(  5, 1:4 ) = [ 1000 1000   1.087e+00   1.840 ];
data_hemm_blis(  6, 1:4 ) = [ 1200 1200   1.878e+00   1.840 ];
data_hemm_blis(  7, 1:4 ) = [ 1400 1400   2.983e+00   1.840 ];
data_hemm_blis(  8, 1:4 ) = [ 1600 1600   4.455e+00   1.839 ];
data_hemm_blis(  9, 1:4 ) = [ 1800 1800   6.343e+00   1.839 ];
data_hemm_blis( 10, 1:4 ) = [ 2000 2000   8.687e+00   1.842 ];
