data_hemv_atlas(  1, 1:3 ) = [   40   2.861e-06   1.118 ];
data_hemv_atlas(  2, 1:3 ) = [   80   9.880e-06   1.296 ];
data_hemv_atlas(  3, 1:3 ) = [  120   2.120e-05   1.358 ];
data_hemv_atlas(  4, 1:3 ) = [  160   3.692e-05   1.387 ];
data_hemv_atlas(  5, 1:3 ) = [  200   5.754e-05   1.390 ];
data_hemv_atlas(  6, 1:3 ) = [  240   7.246e-05   1.590 ];
data_hemv_atlas(  7, 1:3 ) = [  280   9.904e-05   1.583 ];
data_hemv_atlas(  8, 1:3 ) = [  320   7.008e-05   2.922 ];
data_hemv_atlas(  9, 1:3 ) = [  360   8.215e-05   3.155 ];
data_hemv_atlas( 10, 1:3 ) = [  400   9.854e-05   3.247 ];
data_hemv_atlas( 11, 1:3 ) = [  440   1.170e-04   3.309 ];
data_hemv_atlas( 12, 1:3 ) = [  480   1.377e-04   3.346 ];
data_hemv_atlas( 13, 1:3 ) = [  520   1.717e-04   3.149 ];
data_hemv_atlas( 14, 1:3 ) = [  560   1.975e-04   3.176 ];
data_hemv_atlas( 15, 1:3 ) = [  600   2.262e-04   3.183 ];
data_hemv_atlas( 16, 1:3 ) = [  640   2.543e-04   3.222 ];
data_hemv_atlas( 17, 1:3 ) = [  680   2.805e-04   3.296 ];
data_hemv_atlas( 18, 1:3 ) = [  720   3.142e-04   3.299 ];
data_hemv_atlas( 19, 1:3 ) = [  760   3.559e-04   3.246 ];
data_hemv_atlas( 20, 1:3 ) = [  800   3.831e-04   3.341 ];
data_hemv_atlas( 21, 1:3 ) = [  840   4.169e-04   3.385 ];
data_hemv_atlas( 22, 1:3 ) = [  880   4.551e-04   3.403 ];
data_hemv_atlas( 23, 1:3 ) = [  920   4.971e-04   3.406 ];
data_hemv_atlas( 24, 1:3 ) = [  960   5.417e-04   3.402 ];
data_hemv_atlas( 25, 1:3 ) = [ 1000   5.810e-04   3.442 ];
data_hemv_atlas( 26, 1:3 ) = [ 1040   6.504e-04   3.326 ];
data_hemv_atlas( 27, 1:3 ) = [ 1080   6.874e-04   3.394 ];
data_hemv_atlas( 28, 1:3 ) = [ 1120   7.404e-04   3.388 ];
data_hemv_atlas( 29, 1:3 ) = [ 1160   8.222e-04   3.273 ];
data_hemv_atlas( 30, 1:3 ) = [ 1200   9.061e-04   3.178 ];
data_hemv_atlas( 31, 1:3 ) = [ 1240   9.887e-04   3.110 ];
data_hemv_atlas( 32, 1:3 ) = [ 1280   1.086e-03   3.016 ];
data_hemv_atlas( 33, 1:3 ) = [ 1320   1.225e-03   2.845 ];
data_hemv_atlas( 34, 1:3 ) = [ 1360   1.343e-03   2.754 ];
data_hemv_atlas( 35, 1:3 ) = [ 1400   1.418e-03   2.764 ];
data_hemv_atlas( 36, 1:3 ) = [ 1440   1.516e-03   2.735 ];
data_hemv_atlas( 37, 1:3 ) = [ 1480   1.654e-03   2.649 ];
data_hemv_atlas( 38, 1:3 ) = [ 1520   1.690e-03   2.734 ];
data_hemv_atlas( 39, 1:3 ) = [ 1560   1.737e-03   2.802 ];
data_hemv_atlas( 40, 1:3 ) = [ 1600   1.873e-03   2.734 ];
data_hemv_atlas( 41, 1:3 ) = [ 1640   1.966e-03   2.736 ];
data_hemv_atlas( 42, 1:3 ) = [ 1680   2.001e-03   2.821 ];
data_hemv_atlas( 43, 1:3 ) = [ 1720   2.166e-03   2.732 ];
data_hemv_atlas( 44, 1:3 ) = [ 1760   2.252e-03   2.751 ];
data_hemv_atlas( 45, 1:3 ) = [ 1800   2.372e-03   2.731 ];
data_hemv_atlas( 46, 1:3 ) = [ 1840   2.478e-03   2.733 ];
data_hemv_atlas( 47, 1:3 ) = [ 1880   2.584e-03   2.736 ];
data_hemv_atlas( 48, 1:3 ) = [ 1920   2.705e-03   2.726 ];
data_hemv_atlas( 49, 1:3 ) = [ 1960   2.814e-03   2.731 ];
data_hemv_atlas( 50, 1:3 ) = [ 2000   2.920e-03   2.740 ];
