data_hemv_blis(  1, 1:3 ) = [   40   7.423e-06   0.431 ];
data_hemv_blis(  2, 1:3 ) = [   80   1.866e-05   0.686 ];
data_hemv_blis(  3, 1:3 ) = [  120   3.625e-05   0.795 ];
data_hemv_blis(  4, 1:3 ) = [  160   5.998e-05   0.854 ];
data_hemv_blis(  5, 1:3 ) = [  200   9.012e-05   0.888 ];
data_hemv_blis(  6, 1:3 ) = [  240   1.269e-04   0.908 ];
data_hemv_blis(  7, 1:3 ) = [  280   1.691e-04   0.927 ];
data_hemv_blis(  8, 1:3 ) = [  320   2.169e-04   0.944 ];
data_hemv_blis(  9, 1:3 ) = [  360   1.430e-04   1.813 ];
data_hemv_blis( 10, 1:3 ) = [  400   1.747e-04   1.832 ];
data_hemv_blis( 11, 1:3 ) = [  440   2.093e-04   1.850 ];
data_hemv_blis( 12, 1:3 ) = [  480   2.473e-04   1.863 ];
data_hemv_blis( 13, 1:3 ) = [  520   2.885e-04   1.875 ];
data_hemv_blis( 14, 1:3 ) = [  560   3.338e-04   1.879 ];
data_hemv_blis( 15, 1:3 ) = [  600   3.793e-04   1.898 ];
data_hemv_blis( 16, 1:3 ) = [  640   4.296e-04   1.907 ];
data_hemv_blis( 17, 1:3 ) = [  680   4.830e-04   1.915 ];
data_hemv_blis( 18, 1:3 ) = [  720   5.401e-04   1.920 ];
data_hemv_blis( 19, 1:3 ) = [  760   6.009e-04   1.923 ];
data_hemv_blis( 20, 1:3 ) = [  800   6.624e-04   1.932 ];
data_hemv_blis( 21, 1:3 ) = [  840   7.281e-04   1.938 ];
data_hemv_blis( 22, 1:3 ) = [  880   7.988e-04   1.939 ];
data_hemv_blis( 23, 1:3 ) = [  920   8.734e-04   1.938 ];
data_hemv_blis( 24, 1:3 ) = [  960   9.462e-04   1.948 ];
data_hemv_blis( 25, 1:3 ) = [ 1000   1.027e-03   1.947 ];
data_hemv_blis( 26, 1:3 ) = [ 1040   1.134e-03   1.908 ];
data_hemv_blis( 27, 1:3 ) = [ 1080   1.194e-03   1.954 ];
data_hemv_blis( 28, 1:3 ) = [ 1120   1.323e-03   1.896 ];
data_hemv_blis( 29, 1:3 ) = [ 1160   1.433e-03   1.878 ];
data_hemv_blis( 30, 1:3 ) = [ 1200   1.534e-03   1.877 ];
data_hemv_blis( 31, 1:3 ) = [ 1240   1.688e-03   1.822 ];
data_hemv_blis( 32, 1:3 ) = [ 1280   1.810e-03   1.811 ];
data_hemv_blis( 33, 1:3 ) = [ 1320   1.958e-03   1.780 ];
data_hemv_blis( 34, 1:3 ) = [ 1360   2.067e-03   1.790 ];
data_hemv_blis( 35, 1:3 ) = [ 1400   2.215e-03   1.770 ];
data_hemv_blis( 36, 1:3 ) = [ 1440   2.324e-03   1.785 ];
data_hemv_blis( 37, 1:3 ) = [ 1480   2.461e-03   1.780 ];
data_hemv_blis( 38, 1:3 ) = [ 1520   2.594e-03   1.781 ];
data_hemv_blis( 39, 1:3 ) = [ 1560   2.680e-03   1.816 ];
data_hemv_blis( 40, 1:3 ) = [ 1600   2.861e-03   1.790 ];
data_hemv_blis( 41, 1:3 ) = [ 1640   3.018e-03   1.782 ];
data_hemv_blis( 42, 1:3 ) = [ 1680   3.108e-03   1.816 ];
data_hemv_blis( 43, 1:3 ) = [ 1720   3.301e-03   1.792 ];
data_hemv_blis( 44, 1:3 ) = [ 1760   3.454e-03   1.794 ];
data_hemv_blis( 45, 1:3 ) = [ 1800   3.602e-03   1.799 ];
data_hemv_blis( 46, 1:3 ) = [ 1840   3.741e-03   1.810 ];
data_hemv_blis( 47, 1:3 ) = [ 1880   3.914e-03   1.806 ];
data_hemv_blis( 48, 1:3 ) = [ 1920   4.119e-03   1.790 ];
data_hemv_blis( 49, 1:3 ) = [ 1960   4.247e-03   1.809 ];
data_hemv_blis( 50, 1:3 ) = [ 2000   4.419e-03   1.811 ];
