data_her2_atlas(  1, 1:3 ) = [   40   3.185e-06   1.005 ];
data_her2_atlas(  2, 1:3 ) = [   80   1.173e-05   1.091 ];
data_her2_atlas(  3, 1:3 ) = [  120   2.688e-05   1.072 ];
data_her2_atlas(  4, 1:3 ) = [  160   4.297e-05   1.191 ];
data_her2_atlas(  5, 1:3 ) = [  200   3.975e-05   2.013 ];
data_her2_atlas(  6, 1:3 ) = [  240   5.221e-05   2.206 ];
data_her2_atlas(  7, 1:3 ) = [  280   6.841e-05   2.292 ];
data_her2_atlas(  8, 1:3 ) = [  320   8.704e-05   2.353 ];
data_her2_atlas(  9, 1:3 ) = [  360   1.079e-04   2.403 ];
data_her2_atlas( 10, 1:3 ) = [  400   1.037e-04   3.086 ];
data_her2_atlas( 11, 1:3 ) = [  440   1.238e-04   3.127 ];
data_her2_atlas( 12, 1:3 ) = [  480   1.466e-04   3.144 ];
data_her2_atlas( 13, 1:3 ) = [  520   1.725e-04   3.135 ];
data_her2_atlas( 14, 1:3 ) = [  560   1.996e-04   3.142 ];
data_her2_atlas( 15, 1:3 ) = [  600   2.274e-04   3.166 ];
data_her2_atlas( 16, 1:3 ) = [  640   2.602e-04   3.148 ];
data_her2_atlas( 17, 1:3 ) = [  680   2.924e-04   3.163 ];
data_her2_atlas( 18, 1:3 ) = [  720   3.306e-04   3.136 ];
data_her2_atlas( 19, 1:3 ) = [  760   3.738e-04   3.090 ];
data_her2_atlas( 20, 1:3 ) = [  800   4.261e-04   3.004 ];
data_her2_atlas( 21, 1:3 ) = [  840   4.775e-04   2.955 ];
data_her2_atlas( 22, 1:3 ) = [  880   5.194e-04   2.982 ];
data_her2_atlas( 23, 1:3 ) = [  920   5.846e-04   2.896 ];
data_her2_atlas( 24, 1:3 ) = [  960   6.553e-04   2.813 ];
data_her2_atlas( 25, 1:3 ) = [ 1000   7.050e-04   2.837 ];
data_her2_atlas( 26, 1:3 ) = [ 1040   7.814e-04   2.768 ];
data_her2_atlas( 27, 1:3 ) = [ 1080   8.386e-04   2.782 ];
data_her2_atlas( 28, 1:3 ) = [ 1120   8.941e-04   2.806 ];
data_her2_atlas( 29, 1:3 ) = [ 1160   9.633e-04   2.794 ];
data_her2_atlas( 30, 1:3 ) = [ 1200   1.031e-03   2.794 ];
data_her2_atlas( 31, 1:3 ) = [ 1240   1.093e-03   2.814 ];
data_her2_atlas( 32, 1:3 ) = [ 1280   1.203e-03   2.723 ];
data_her2_atlas( 33, 1:3 ) = [ 1320   1.243e-03   2.803 ];
data_her2_atlas( 34, 1:3 ) = [ 1360   1.311e-03   2.822 ];
data_her2_atlas( 35, 1:3 ) = [ 1400   1.408e-03   2.785 ];
data_her2_atlas( 36, 1:3 ) = [ 1440   1.468e-03   2.825 ];
data_her2_atlas( 37, 1:3 ) = [ 1480   1.560e-03   2.808 ];
data_her2_atlas( 38, 1:3 ) = [ 1520   1.667e-03   2.772 ];
data_her2_atlas( 39, 1:3 ) = [ 1560   1.745e-03   2.789 ];
data_her2_atlas( 40, 1:3 ) = [ 1600   1.816e-03   2.820 ];
data_her2_atlas( 41, 1:3 ) = [ 1640   1.898e-03   2.833 ];
data_her2_atlas( 42, 1:3 ) = [ 1680   1.984e-03   2.846 ];
data_her2_atlas( 43, 1:3 ) = [ 1720   2.082e-03   2.842 ];
data_her2_atlas( 44, 1:3 ) = [ 1760   2.176e-03   2.847 ];
data_her2_atlas( 45, 1:3 ) = [ 1800   2.275e-03   2.849 ];
data_her2_atlas( 46, 1:3 ) = [ 1840   2.525e-03   2.682 ];
data_her2_atlas( 47, 1:3 ) = [ 1880   2.489e-03   2.840 ];
data_her2_atlas( 48, 1:3 ) = [ 1920   2.612e-03   2.823 ];
data_her2_atlas( 49, 1:3 ) = [ 1960   2.700e-03   2.845 ];
data_her2_atlas( 50, 1:3 ) = [ 2000   2.845e-03   2.812 ];
