data_her_blis(  1, 1:3 ) = [   40   2.966e-06   0.539 ];
data_her_blis(  2, 1:3 ) = [   80   8.184e-06   0.782 ];
data_her_blis(  3, 1:3 ) = [  120   1.644e-05   0.876 ];
data_her_blis(  4, 1:3 ) = [  160   2.802e-05   0.914 ];
data_her_blis(  5, 1:3 ) = [  200   4.309e-05   0.928 ];
data_her_blis(  6, 1:3 ) = [  240   6.097e-05   0.945 ];
data_her_blis(  7, 1:3 ) = [  280   8.342e-05   0.940 ];
data_her_blis(  8, 1:3 ) = [  320   1.058e-04   0.968 ];
data_her_blis(  9, 1:3 ) = [  360   7.134e-05   1.817 ];
data_her_blis( 10, 1:3 ) = [  400   8.759e-05   1.827 ];
data_her_blis( 11, 1:3 ) = [  440   1.056e-04   1.834 ];
data_her_blis( 12, 1:3 ) = [  480   1.256e-04   1.835 ];
data_her_blis( 13, 1:3 ) = [  520   1.486e-04   1.819 ];
data_her_blis( 14, 1:3 ) = [  560   1.724e-04   1.819 ];
data_her_blis( 15, 1:3 ) = [  600   1.989e-04   1.810 ];
data_her_blis( 16, 1:3 ) = [  640   2.242e-04   1.827 ];
data_her_blis( 17, 1:3 ) = [  680   2.567e-04   1.802 ];
data_her_blis( 18, 1:3 ) = [  720   2.931e-04   1.769 ];
data_her_blis( 19, 1:3 ) = [  760   3.416e-04   1.691 ];
data_her_blis( 20, 1:3 ) = [  800   3.969e-04   1.613 ];
data_her_blis( 21, 1:3 ) = [  840   4.292e-04   1.644 ];
data_her_blis( 22, 1:3 ) = [  880   4.890e-04   1.584 ];
data_her_blis( 23, 1:3 ) = [  920   5.489e-04   1.542 ];
data_her_blis( 24, 1:3 ) = [  960   6.158e-04   1.497 ];
data_her_blis( 25, 1:3 ) = [ 1000   6.701e-04   1.492 ];
data_her_blis( 26, 1:3 ) = [ 1040   7.470e-04   1.448 ];
data_her_blis( 27, 1:3 ) = [ 1080   8.349e-04   1.397 ];
data_her_blis( 28, 1:3 ) = [ 1120   8.818e-04   1.423 ];
data_her_blis( 29, 1:3 ) = [ 1160   9.578e-04   1.405 ];
data_her_blis( 30, 1:3 ) = [ 1200   1.007e-03   1.429 ];
data_her_blis( 31, 1:3 ) = [ 1240   1.086e-03   1.416 ];
data_her_blis( 32, 1:3 ) = [ 1280   1.142e-03   1.434 ];
data_her_blis( 33, 1:3 ) = [ 1320   1.245e-03   1.400 ];
data_her_blis( 34, 1:3 ) = [ 1360   1.300e-03   1.423 ];
data_her_blis( 35, 1:3 ) = [ 1400   1.363e-03   1.438 ];
data_her_blis( 36, 1:3 ) = [ 1440   1.453e-03   1.427 ];
data_her_blis( 37, 1:3 ) = [ 1480   1.507e-03   1.454 ];
data_her_blis( 38, 1:3 ) = [ 1520   1.613e-03   1.432 ];
data_her_blis( 39, 1:3 ) = [ 1560   1.657e-03   1.468 ];
data_her_blis( 40, 1:3 ) = [ 1600   1.776e-03   1.441 ];
data_her_blis( 41, 1:3 ) = [ 1640   1.851e-03   1.453 ];
data_her_blis( 42, 1:3 ) = [ 1680   1.921e-03   1.469 ];
data_her_blis( 43, 1:3 ) = [ 1720   2.026e-03   1.460 ];
data_her_blis( 44, 1:3 ) = [ 1760   2.148e-03   1.442 ];
data_her_blis( 45, 1:3 ) = [ 1800   2.203e-03   1.471 ];
data_her_blis( 46, 1:3 ) = [ 1840   2.325e-03   1.456 ];
data_her_blis( 47, 1:3 ) = [ 1880   2.423e-03   1.459 ];
data_her_blis( 48, 1:3 ) = [ 1920   2.512e-03   1.468 ];
data_her_blis( 49, 1:3 ) = [ 1960   2.568e-03   1.496 ];
data_her_blis( 50, 1:3 ) = [ 2000   2.666e-03   1.500 ];
