data_her_atlas(  1, 1:3 ) = [   40   2.213e-06   0.723 ];
data_her_atlas(  2, 1:3 ) = [   80   7.718e-06   0.829 ];
data_her_atlas(  3, 1:3 ) = [  120   1.598e-05   0.901 ];
data_her_atlas(  4, 1:3 ) = [  160   3.039e-05   0.842 ];
data_her_atlas(  5, 1:3 ) = [  200   4.369e-05   0.915 ];
data_her_atlas(  6, 1:3 ) = [  240   6.096e-05   0.945 ];
data_her_atlas(  7, 1:3 ) = [  280   8.171e-05   0.960 ];
data_her_atlas(  8, 1:3 ) = [  320   6.397e-05   1.601 ];
data_her_atlas(  9, 1:3 ) = [  360   7.046e-05   1.839 ];
data_her_atlas( 10, 1:3 ) = [  400   8.672e-05   1.845 ];
data_her_atlas( 11, 1:3 ) = [  440   1.051e-04   1.842 ];
data_her_atlas( 12, 1:3 ) = [  480   1.250e-04   1.844 ];
data_her_atlas( 13, 1:3 ) = [  520   1.475e-04   1.833 ];
data_her_atlas( 14, 1:3 ) = [  560   1.699e-04   1.846 ];
data_her_atlas( 15, 1:3 ) = [  600   1.955e-04   1.841 ];
data_her_atlas( 16, 1:3 ) = [  640   2.213e-04   1.851 ];
data_her_atlas( 17, 1:3 ) = [  680   2.505e-04   1.846 ];
data_her_atlas( 18, 1:3 ) = [  720   2.940e-04   1.763 ];
data_her_atlas( 19, 1:3 ) = [  760   3.480e-04   1.660 ];
data_her_atlas( 20, 1:3 ) = [  800   3.851e-04   1.662 ];
data_her_atlas( 21, 1:3 ) = [  840   4.060e-04   1.738 ];
data_her_atlas( 22, 1:3 ) = [  880   4.522e-04   1.713 ];
data_her_atlas( 23, 1:3 ) = [  920   5.177e-04   1.635 ];
data_her_atlas( 24, 1:3 ) = [  960   5.613e-04   1.642 ];
data_her_atlas( 25, 1:3 ) = [ 1000   6.084e-04   1.644 ];
data_her_atlas( 26, 1:3 ) = [ 1040   6.878e-04   1.573 ];
data_her_atlas( 27, 1:3 ) = [ 1080   6.979e-04   1.671 ];
data_her_atlas( 28, 1:3 ) = [ 1120   7.502e-04   1.672 ];
data_her_atlas( 29, 1:3 ) = [ 1160   8.129e-04   1.655 ];
data_her_atlas( 30, 1:3 ) = [ 1200   8.551e-04   1.684 ];
data_her_atlas( 31, 1:3 ) = [ 1240   9.135e-04   1.683 ];
data_her_atlas( 32, 1:3 ) = [ 1280   9.559e-04   1.714 ];
data_her_atlas( 33, 1:3 ) = [ 1320   1.037e-03   1.680 ];
data_her_atlas( 34, 1:3 ) = [ 1360   1.098e-03   1.685 ];
data_her_atlas( 35, 1:3 ) = [ 1400   1.128e-03   1.737 ];
data_her_atlas( 36, 1:3 ) = [ 1440   1.235e-03   1.679 ];
data_her_atlas( 37, 1:3 ) = [ 1480   1.298e-03   1.687 ];
data_her_atlas( 38, 1:3 ) = [ 1520   1.362e-03   1.697 ];
data_her_atlas( 39, 1:3 ) = [ 1560   1.441e-03   1.689 ];
data_her_atlas( 40, 1:3 ) = [ 1600   1.469e-03   1.742 ];
data_her_atlas( 41, 1:3 ) = [ 1640   1.571e-03   1.712 ];
data_her_atlas( 42, 1:3 ) = [ 1680   1.589e-03   1.777 ];
data_her_atlas( 43, 1:3 ) = [ 1720   1.689e-03   1.751 ];
data_her_atlas( 44, 1:3 ) = [ 1760   1.765e-03   1.755 ];
data_her_atlas( 45, 1:3 ) = [ 1800   1.863e-03   1.740 ];
data_her_atlas( 46, 1:3 ) = [ 1840   1.916e-03   1.767 ];
data_her_atlas( 47, 1:3 ) = [ 1880   1.968e-03   1.796 ];
data_her_atlas( 48, 1:3 ) = [ 1920   2.136e-03   1.726 ];
data_her_atlas( 49, 1:3 ) = [ 1960   2.219e-03   1.732 ];
data_her_atlas( 50, 1:3 ) = [ 2000   2.312e-03   1.730 ];
