data_herk_atlas(  1, 1:4 ) = [  200  200   2.057e-03   3.889 ];
data_herk_atlas(  2, 1:4 ) = [  400  400   7.313e-03   8.751 ];
data_herk_atlas(  3, 1:4 ) = [  600  600   2.408e-02   8.972 ];
data_herk_atlas(  4, 1:4 ) = [  800  800   5.461e-02   9.375 ];
data_herk_atlas(  5, 1:4 ) = [ 1000 1000   1.051e-01   9.512 ];
data_herk_atlas(  6, 1:4 ) = [ 1200 1200   1.780e-01   9.708 ];
data_herk_atlas(  7, 1:4 ) = [ 1400 1400   2.802e-01   9.794 ];
data_herk_atlas(  8, 1:4 ) = [ 1600 1600   4.166e-01   9.833 ];
data_herk_atlas(  9, 1:4 ) = [ 1800 1800   5.889e-01   9.903 ];
data_herk_atlas( 10, 1:4 ) = [ 2000 2000   8.035e-01   9.957 ];
