data_trmm_atlas(  1, 1:4 ) = [  200  200   1.621e-03   4.934 ];
data_trmm_atlas(  2, 1:4 ) = [  400  400   7.556e-03   8.470 ];
data_trmm_atlas(  3, 1:4 ) = [  600  600   2.456e-02   8.796 ];
data_trmm_atlas(  4, 1:4 ) = [  800  800   5.556e-02   9.215 ];
data_trmm_atlas(  5, 1:4 ) = [ 1000 1000   1.071e-01   9.335 ];
data_trmm_atlas(  6, 1:4 ) = [ 1200 1200   1.813e-01   9.532 ];
data_trmm_atlas(  7, 1:4 ) = [ 1400 1400   2.847e-01   9.637 ];
data_trmm_atlas(  8, 1:4 ) = [ 1600 1600   4.227e-01   9.691 ];
data_trmm_atlas(  9, 1:4 ) = [ 1800 1800   5.984e-01   9.746 ];
data_trmm_atlas( 10, 1:4 ) = [ 2000 2000   8.158e-01   9.807 ];
