data_trmm_blis(  1, 1:4 ) = [  200  200   4.737e-03   1.689 ];
data_trmm_blis(  2, 1:4 ) = [  400  400   3.591e-02   1.782 ];
data_trmm_blis(  3, 1:4 ) = [  600  600   1.201e-01   1.799 ];
data_trmm_blis(  4, 1:4 ) = [  800  800   2.832e-01   1.808 ];
data_trmm_blis(  5, 1:4 ) = [ 1000 1000   5.517e-01   1.813 ];
data_trmm_blis(  6, 1:4 ) = [ 1200 1200   9.515e-01   1.816 ];
data_trmm_blis(  7, 1:4 ) = [ 1400 1400   1.508e+00   1.820 ];
data_trmm_blis(  8, 1:4 ) = [ 1600 1600   2.250e+00   1.820 ];
data_trmm_blis(  9, 1:4 ) = [ 1800 1800   3.200e+00   1.822 ];
data_trmm_blis( 10, 1:4 ) = [ 2000 2000   4.387e+00   1.824 ];
