data_trmv_openblas(  1, 1:3 ) = [   40   1.170e-06   1.368 ];
data_trmv_openblas(  2, 1:3 ) = [   80   5.666e-06   1.130 ];
data_trmv_openblas(  3, 1:3 ) = [  120   6.835e-06   2.107 ];
data_trmv_openblas(  4, 1:3 ) = [  160   8.465e-06   3.024 ];
data_trmv_openblas(  5, 1:3 ) = [  200   1.004e-05   3.982 ];
data_trmv_openblas(  6, 1:3 ) = [  240   1.106e-05   5.207 ];
data_trmv_openblas(  7, 1:3 ) = [  280   1.396e-05   5.614 ];
data_trmv_openblas(  8, 1:3 ) = [  320   1.637e-05   6.256 ];
data_trmv_openblas(  9, 1:3 ) = [  360   2.051e-05   6.318 ];
data_trmv_openblas( 10, 1:3 ) = [  400   2.396e-05   6.678 ];
data_trmv_openblas( 11, 1:3 ) = [  440   2.713e-05   7.136 ];
data_trmv_openblas( 12, 1:3 ) = [  480   1.928e-05  11.951 ];
data_trmv_openblas( 13, 1:3 ) = [  520   2.483e-05  10.891 ];
data_trmv_openblas( 14, 1:3 ) = [  560   2.839e-05  11.045 ];
data_trmv_openblas( 15, 1:3 ) = [  600   3.283e-05  10.967 ];
data_trmv_openblas( 16, 1:3 ) = [  640   3.668e-05  11.165 ];
data_trmv_openblas( 17, 1:3 ) = [  680   4.032e-05  11.468 ];
data_trmv_openblas( 18, 1:3 ) = [  720   4.511e-05  11.492 ];
data_trmv_openblas( 19, 1:3 ) = [  760   4.900e-05  11.789 ];
data_trmv_openblas( 20, 1:3 ) = [  800   5.314e-05  12.043 ];
data_trmv_openblas( 21, 1:3 ) = [  840   5.798e-05  12.171 ];
data_trmv_openblas( 22, 1:3 ) = [  880   6.341e-05  12.212 ];
data_trmv_openblas( 23, 1:3 ) = [  920   6.796e-05  12.455 ];
data_trmv_openblas( 24, 1:3 ) = [  960   7.419e-05  12.423 ];
data_trmv_openblas( 25, 1:3 ) = [ 1000   7.926e-05  12.617 ];
data_trmv_openblas( 26, 1:3 ) = [ 1040   1.049e-04  10.312 ];
data_trmv_openblas( 27, 1:3 ) = [ 1080   9.281e-05  12.568 ];
data_trmv_openblas( 28, 1:3 ) = [ 1120   1.003e-04  12.513 ];
data_trmv_openblas( 29, 1:3 ) = [ 1160   1.093e-04  12.310 ];
data_trmv_openblas( 30, 1:3 ) = [ 1200   1.146e-04  12.562 ];
data_trmv_openblas( 31, 1:3 ) = [ 1240   1.334e-04  11.525 ];
data_trmv_openblas( 32, 1:3 ) = [ 1280   1.456e-04  11.252 ];
data_trmv_openblas( 33, 1:3 ) = [ 1320   1.676e-04  10.394 ];
data_trmv_openblas( 34, 1:3 ) = [ 1360   1.903e-04   9.718 ];
data_trmv_openblas( 35, 1:3 ) = [ 1400   2.344e-04   8.361 ];
data_trmv_openblas( 36, 1:3 ) = [ 1440   3.327e-04   6.233 ];
data_trmv_openblas( 37, 1:3 ) = [ 1480   4.228e-04   5.181 ];
data_trmv_openblas( 38, 1:3 ) = [ 1520   4.968e-04   4.651 ];
data_trmv_openblas( 39, 1:3 ) = [ 1560   6.317e-04   3.852 ];
data_trmv_openblas( 40, 1:3 ) = [ 1600   6.987e-04   3.664 ];
data_trmv_openblas( 41, 1:3 ) = [ 1640   7.431e-04   3.620 ];
data_trmv_openblas( 42, 1:3 ) = [ 1680   7.594e-04   3.717 ];
data_trmv_openblas( 43, 1:3 ) = [ 1720   8.292e-04   3.568 ];
data_trmv_openblas( 44, 1:3 ) = [ 1760   9.037e-04   3.428 ];
data_trmv_openblas( 45, 1:3 ) = [ 1800   9.508e-04   3.407 ];
data_trmv_openblas( 46, 1:3 ) = [ 1840   9.633e-04   3.514 ];
data_trmv_openblas( 47, 1:3 ) = [ 1880   9.996e-04   3.536 ];
data_trmv_openblas( 48, 1:3 ) = [ 1920   1.106e-03   3.333 ];
data_trmv_openblas( 49, 1:3 ) = [ 1960   1.122e-03   3.425 ];
data_trmv_openblas( 50, 1:3 ) = [ 2000   1.161e-03   3.447 ];
