data_trmv_blis(  1, 1:3 ) = [   40   3.994e-06   0.401 ];
data_trmv_blis(  2, 1:3 ) = [   80   9.828e-06   0.651 ];
data_trmv_blis(  3, 1:3 ) = [  120   1.859e-05   0.775 ];
data_trmv_blis(  4, 1:3 ) = [  160   3.060e-05   0.837 ];
data_trmv_blis(  5, 1:3 ) = [  200   3.702e-05   1.080 ];
data_trmv_blis(  6, 1:3 ) = [  240   5.213e-05   1.105 ];
data_trmv_blis(  7, 1:3 ) = [  280   7.194e-05   1.090 ];
data_trmv_blis(  8, 1:3 ) = [  320   8.933e-05   1.146 ];
data_trmv_blis(  9, 1:3 ) = [  360   1.116e-04   1.161 ];
data_trmv_blis( 10, 1:3 ) = [  400   1.362e-04   1.175 ];
data_trmv_blis( 11, 1:3 ) = [  440   1.089e-04   1.777 ];
data_trmv_blis( 12, 1:3 ) = [  480   1.284e-04   1.795 ];
data_trmv_blis( 13, 1:3 ) = [  520   1.504e-04   1.798 ];
data_trmv_blis( 14, 1:3 ) = [  560   1.742e-04   1.800 ];
data_trmv_blis( 15, 1:3 ) = [  600   1.995e-04   1.804 ];
data_trmv_blis( 16, 1:3 ) = [  640   2.252e-04   1.819 ];
data_trmv_blis( 17, 1:3 ) = [  680   2.494e-04   1.854 ];
data_trmv_blis( 18, 1:3 ) = [  720   2.834e-04   1.829 ];
data_trmv_blis( 19, 1:3 ) = [  760   3.103e-04   1.861 ];
data_trmv_blis( 20, 1:3 ) = [  800   3.431e-04   1.865 ];
data_trmv_blis( 21, 1:3 ) = [  840   3.741e-04   1.886 ];
data_trmv_blis( 22, 1:3 ) = [  880   4.093e-04   1.892 ];
data_trmv_blis( 23, 1:3 ) = [  920   4.478e-04   1.890 ];
data_trmv_blis( 24, 1:3 ) = [  960   4.902e-04   1.880 ];
data_trmv_blis( 25, 1:3 ) = [ 1000   5.255e-04   1.903 ];
data_trmv_blis( 26, 1:3 ) = [ 1040   5.846e-04   1.850 ];
data_trmv_blis( 27, 1:3 ) = [ 1080   6.323e-04   1.845 ];
data_trmv_blis( 28, 1:3 ) = [ 1120   6.786e-04   1.848 ];
data_trmv_blis( 29, 1:3 ) = [ 1160   7.485e-04   1.798 ];
data_trmv_blis( 30, 1:3 ) = [ 1200   8.368e-04   1.721 ];
data_trmv_blis( 31, 1:3 ) = [ 1240   8.906e-04   1.726 ];
data_trmv_blis( 32, 1:3 ) = [ 1280   9.762e-04   1.678 ];
data_trmv_blis( 33, 1:3 ) = [ 1320   1.067e-03   1.633 ];
data_trmv_blis( 34, 1:3 ) = [ 1360   1.155e-03   1.602 ];
data_trmv_blis( 35, 1:3 ) = [ 1400   1.241e-03   1.579 ];
data_trmv_blis( 36, 1:3 ) = [ 1440   1.303e-03   1.592 ];
data_trmv_blis( 37, 1:3 ) = [ 1480   1.383e-03   1.584 ];
data_trmv_blis( 38, 1:3 ) = [ 1520   1.465e-03   1.577 ];
data_trmv_blis( 39, 1:3 ) = [ 1560   1.488e-03   1.636 ];
data_trmv_blis( 40, 1:3 ) = [ 1600   1.611e-03   1.589 ];
data_trmv_blis( 41, 1:3 ) = [ 1640   1.683e-03   1.598 ];
data_trmv_blis( 42, 1:3 ) = [ 1680   1.722e-03   1.639 ];
data_trmv_blis( 43, 1:3 ) = [ 1720   1.845e-03   1.604 ];
data_trmv_blis( 44, 1:3 ) = [ 1760   1.928e-03   1.607 ];
data_trmv_blis( 45, 1:3 ) = [ 1800   2.019e-03   1.604 ];
data_trmv_blis( 46, 1:3 ) = [ 1840   2.103e-03   1.610 ];
data_trmv_blis( 47, 1:3 ) = [ 1880   2.195e-03   1.610 ];
data_trmv_blis( 48, 1:3 ) = [ 1920   2.279e-03   1.617 ];
data_trmv_blis( 49, 1:3 ) = [ 1960   2.384e-03   1.611 ];
data_trmv_blis( 50, 1:3 ) = [ 2000   2.467e-03   1.621 ];
