data_trmv_atlas(  1, 1:3 ) = [   40   3.001e-06   0.533 ];
data_trmv_atlas(  2, 1:3 ) = [   80   6.785e-06   0.943 ];
data_trmv_atlas(  3, 1:3 ) = [  120   1.463e-05   0.984 ];
data_trmv_atlas(  4, 1:3 ) = [  160   2.562e-05   0.999 ];
data_trmv_atlas(  5, 1:3 ) = [  200   4.160e-05   0.962 ];
data_trmv_atlas(  6, 1:3 ) = [  240   4.975e-05   1.158 ];
data_trmv_atlas(  7, 1:3 ) = [  280   6.277e-05   1.249 ];
data_trmv_atlas(  8, 1:3 ) = [  320   7.808e-05   1.311 ];
data_trmv_atlas(  9, 1:3 ) = [  360   5.319e-05   2.436 ];
data_trmv_atlas( 10, 1:3 ) = [  400   6.812e-05   2.349 ];
data_trmv_atlas( 11, 1:3 ) = [  440   8.076e-05   2.397 ];
data_trmv_atlas( 12, 1:3 ) = [  480   9.493e-05   2.427 ];
data_trmv_atlas( 13, 1:3 ) = [  520   1.106e-04   2.444 ];
data_trmv_atlas( 14, 1:3 ) = [  560   1.280e-04   2.450 ];
data_trmv_atlas( 15, 1:3 ) = [  600   1.470e-04   2.449 ];
data_trmv_atlas( 16, 1:3 ) = [  640   1.630e-04   2.513 ];
data_trmv_atlas( 17, 1:3 ) = [  680   1.765e-04   2.620 ];
data_trmv_atlas( 18, 1:3 ) = [  720   1.976e-04   2.623 ];
data_trmv_atlas( 19, 1:3 ) = [  760   2.183e-04   2.646 ];
data_trmv_atlas( 20, 1:3 ) = [  800   2.423e-04   2.641 ];
data_trmv_atlas( 21, 1:3 ) = [  840   2.659e-04   2.653 ];
data_trmv_atlas( 22, 1:3 ) = [  880   2.830e-04   2.736 ];
data_trmv_atlas( 23, 1:3 ) = [  920   3.097e-04   2.733 ];
data_trmv_atlas( 24, 1:3 ) = [  960   3.373e-04   2.732 ];
data_trmv_atlas( 25, 1:3 ) = [ 1000   3.557e-04   2.811 ];
data_trmv_atlas( 26, 1:3 ) = [ 1040   4.086e-04   2.647 ];
data_trmv_atlas( 27, 1:3 ) = [ 1080   4.184e-04   2.788 ];
data_trmv_atlas( 28, 1:3 ) = [ 1120   4.429e-04   2.832 ];
data_trmv_atlas( 29, 1:3 ) = [ 1160   5.014e-04   2.684 ];
data_trmv_atlas( 30, 1:3 ) = [ 1200   5.388e-04   2.672 ];
data_trmv_atlas( 31, 1:3 ) = [ 1240   5.411e-04   2.841 ];
data_trmv_atlas( 32, 1:3 ) = [ 1280   6.725e-04   2.436 ];
data_trmv_atlas( 33, 1:3 ) = [ 1320   8.085e-04   2.155 ];
data_trmv_atlas( 34, 1:3 ) = [ 1360   8.715e-04   2.122 ];
data_trmv_atlas( 35, 1:3 ) = [ 1400   1.104e-03   1.775 ];
data_trmv_atlas( 36, 1:3 ) = [ 1440   1.311e-03   1.581 ];
data_trmv_atlas( 37, 1:3 ) = [ 1480   1.473e-03   1.487 ];
data_trmv_atlas( 38, 1:3 ) = [ 1520   1.697e-03   1.362 ];
data_trmv_atlas( 39, 1:3 ) = [ 1560   1.700e-03   1.432 ];
data_trmv_atlas( 40, 1:3 ) = [ 1600   1.908e-03   1.342 ];
data_trmv_atlas( 41, 1:3 ) = [ 1640   1.788e-03   1.504 ];
data_trmv_atlas( 42, 1:3 ) = [ 1680   2.000e-03   1.411 ];
data_trmv_atlas( 43, 1:3 ) = [ 1720   2.208e-03   1.340 ];
data_trmv_atlas( 44, 1:3 ) = [ 1760   2.327e-03   1.331 ];
data_trmv_atlas( 45, 1:3 ) = [ 1800   2.443e-03   1.326 ];
data_trmv_atlas( 46, 1:3 ) = [ 1840   2.529e-03   1.339 ];
data_trmv_atlas( 47, 1:3 ) = [ 1880   2.649e-03   1.334 ];
data_trmv_atlas( 48, 1:3 ) = [ 1920   2.817e-03   1.309 ];
data_trmv_atlas( 49, 1:3 ) = [ 1960   2.907e-03   1.321 ];
data_trmv_atlas( 50, 1:3 ) = [ 2000   2.995e-03   1.336 ];
