data_trsm_atlas(  1, 1:4 ) = [  200  200   1.891e-03   4.230 ];
data_trsm_atlas(  2, 1:4 ) = [  400  400   7.314e-03   8.750 ];
data_trsm_atlas(  3, 1:4 ) = [  600  600   2.373e-02   9.102 ];
data_trsm_atlas(  4, 1:4 ) = [  800  800   5.457e-02   9.382 ];
data_trsm_atlas(  5, 1:4 ) = [ 1000 1000   1.052e-01   9.506 ];
data_trsm_atlas(  6, 1:4 ) = [ 1200 1200   1.791e-01   9.650 ];
data_trsm_atlas(  7, 1:4 ) = [ 1400 1400   2.821e-01   9.727 ];
data_trsm_atlas(  8, 1:4 ) = [ 1600 1600   4.182e-01   9.795 ];
data_trsm_atlas(  9, 1:4 ) = [ 1800 1800   5.933e-01   9.830 ];
data_trsm_atlas( 10, 1:4 ) = [ 2000 2000   8.095e-01   9.883 ];
