data_trsv_atlas(  1, 1:3 ) = [   40   2.182e-06   0.733 ];
data_trsv_atlas(  2, 1:3 ) = [   80   7.039e-06   0.909 ];
data_trsv_atlas(  3, 1:3 ) = [  120   1.522e-05   0.946 ];
data_trsv_atlas(  4, 1:3 ) = [  160   2.650e-05   0.966 ];
data_trsv_atlas(  5, 1:3 ) = [  200   4.166e-05   0.960 ];
data_trsv_atlas(  6, 1:3 ) = [  240   4.847e-05   1.188 ];
data_trsv_atlas(  7, 1:3 ) = [  280   6.126e-05   1.280 ];
data_trsv_atlas(  8, 1:3 ) = [  320   7.671e-05   1.335 ];
data_trsv_atlas(  9, 1:3 ) = [  360   9.443e-05   1.372 ];
data_trsv_atlas( 10, 1:3 ) = [  400   6.713e-05   2.383 ];
data_trsv_atlas( 11, 1:3 ) = [  440   7.968e-05   2.430 ];
data_trsv_atlas( 12, 1:3 ) = [  480   9.436e-05   2.442 ];
data_trsv_atlas( 13, 1:3 ) = [  520   1.092e-04   2.476 ];
data_trsv_atlas( 14, 1:3 ) = [  560   1.266e-04   2.477 ];
data_trsv_atlas( 15, 1:3 ) = [  600   1.399e-04   2.573 ];
data_trsv_atlas( 16, 1:3 ) = [  640   1.556e-04   2.632 ];
data_trsv_atlas( 17, 1:3 ) = [  680   1.752e-04   2.639 ];
data_trsv_atlas( 18, 1:3 ) = [  720   1.961e-04   2.643 ];
data_trsv_atlas( 19, 1:3 ) = [  760   2.169e-04   2.662 ];
data_trsv_atlas( 20, 1:3 ) = [  800   2.345e-04   2.729 ];
data_trsv_atlas( 21, 1:3 ) = [  840   2.582e-04   2.733 ];
data_trsv_atlas( 22, 1:3 ) = [  880   2.820e-04   2.746 ];
data_trsv_atlas( 23, 1:3 ) = [  920   3.090e-04   2.739 ];
data_trsv_atlas( 24, 1:3 ) = [  960   3.298e-04   2.794 ];
data_trsv_atlas( 25, 1:3 ) = [ 1000   3.551e-04   2.816 ];
data_trsv_atlas( 26, 1:3 ) = [ 1040   4.498e-04   2.405 ];
data_trsv_atlas( 27, 1:3 ) = [ 1080   4.092e-04   2.850 ];
data_trsv_atlas( 28, 1:3 ) = [ 1120   4.465e-04   2.810 ];
data_trsv_atlas( 29, 1:3 ) = [ 1160   5.329e-04   2.525 ];
data_trsv_atlas( 30, 1:3 ) = [ 1200   4.997e-04   2.882 ];
data_trsv_atlas( 31, 1:3 ) = [ 1240   5.686e-04   2.704 ];
data_trsv_atlas( 32, 1:3 ) = [ 1280   6.950e-04   2.357 ];
data_trsv_atlas( 33, 1:3 ) = [ 1320   7.491e-04   2.326 ];
data_trsv_atlas( 34, 1:3 ) = [ 1360   9.512e-04   1.944 ];
data_trsv_atlas( 35, 1:3 ) = [ 1400   1.136e-03   1.726 ];
data_trsv_atlas( 36, 1:3 ) = [ 1440   1.323e-03   1.568 ];
data_trsv_atlas( 37, 1:3 ) = [ 1480   1.459e-03   1.501 ];
data_trsv_atlas( 38, 1:3 ) = [ 1520   1.666e-03   1.387 ];
data_trsv_atlas( 39, 1:3 ) = [ 1560   1.716e-03   1.418 ];
data_trsv_atlas( 40, 1:3 ) = [ 1600   1.909e-03   1.341 ];
data_trsv_atlas( 41, 1:3 ) = [ 1640   1.794e-03   1.500 ];
data_trsv_atlas( 42, 1:3 ) = [ 1680   2.006e-03   1.407 ];
data_trsv_atlas( 43, 1:3 ) = [ 1720   2.183e-03   1.355 ];
data_trsv_atlas( 44, 1:3 ) = [ 1760   2.315e-03   1.338 ];
data_trsv_atlas( 45, 1:3 ) = [ 1800   2.418e-03   1.340 ];
data_trsv_atlas( 46, 1:3 ) = [ 1840   2.545e-03   1.330 ];
data_trsv_atlas( 47, 1:3 ) = [ 1880   2.641e-03   1.338 ];
data_trsv_atlas( 48, 1:3 ) = [ 1920   2.846e-03   1.295 ];
data_trsv_atlas( 49, 1:3 ) = [ 1960   2.901e-03   1.324 ];
data_trsv_atlas( 50, 1:3 ) = [ 2000   2.961e-03   1.351 ];
