data_trsv_blis(  1, 1:3 ) = [   40   4.273e-06   0.374 ];
data_trsv_blis(  2, 1:3 ) = [   80   1.029e-05   0.622 ];
data_trsv_blis(  3, 1:3 ) = [  120   1.946e-05   0.740 ];
data_trsv_blis(  4, 1:3 ) = [  160   3.163e-05   0.809 ];
data_trsv_blis(  5, 1:3 ) = [  200   4.763e-05   0.840 ];
data_trsv_blis(  6, 1:3 ) = [  240   6.660e-05   0.865 ];
data_trsv_blis(  7, 1:3 ) = [  280   8.842e-05   0.887 ];
data_trsv_blis(  8, 1:3 ) = [  320   1.129e-04   0.907 ];
data_trsv_blis(  9, 1:3 ) = [  360   1.406e-04   0.922 ];
data_trsv_blis( 10, 1:3 ) = [  400   1.714e-04   0.934 ];
data_trsv_blis( 11, 1:3 ) = [  440   1.108e-04   1.748 ];
data_trsv_blis( 12, 1:3 ) = [  480   1.300e-04   1.772 ];
data_trsv_blis( 13, 1:3 ) = [  520   1.513e-04   1.787 ];
data_trsv_blis( 14, 1:3 ) = [  560   1.746e-04   1.796 ];
data_trsv_blis( 15, 1:3 ) = [  600   2.013e-04   1.788 ];
data_trsv_blis( 16, 1:3 ) = [  640   2.236e-04   1.832 ];
data_trsv_blis( 17, 1:3 ) = [  680   2.511e-04   1.841 ];
data_trsv_blis( 18, 1:3 ) = [  720   2.801e-04   1.851 ];
data_trsv_blis( 19, 1:3 ) = [  760   3.121e-04   1.851 ];
data_trsv_blis( 20, 1:3 ) = [  800   3.422e-04   1.870 ];
data_trsv_blis( 21, 1:3 ) = [  840   3.761e-04   1.876 ];
data_trsv_blis( 22, 1:3 ) = [  880   4.119e-04   1.880 ];
data_trsv_blis( 23, 1:3 ) = [  920   4.482e-04   1.889 ];
data_trsv_blis( 24, 1:3 ) = [  960   4.888e-04   1.885 ];
data_trsv_blis( 25, 1:3 ) = [ 1000   5.337e-04   1.874 ];
data_trsv_blis( 26, 1:3 ) = [ 1040   6.029e-04   1.794 ];
data_trsv_blis( 27, 1:3 ) = [ 1080   6.287e-04   1.855 ];
data_trsv_blis( 28, 1:3 ) = [ 1120   6.905e-04   1.817 ];
data_trsv_blis( 29, 1:3 ) = [ 1160   7.808e-04   1.723 ];
data_trsv_blis( 30, 1:3 ) = [ 1200   8.173e-04   1.762 ];
data_trsv_blis( 31, 1:3 ) = [ 1240   9.026e-04   1.703 ];
data_trsv_blis( 32, 1:3 ) = [ 1280   9.801e-04   1.672 ];
data_trsv_blis( 33, 1:3 ) = [ 1320   1.063e-03   1.639 ];
data_trsv_blis( 34, 1:3 ) = [ 1360   1.148e-03   1.611 ];
data_trsv_blis( 35, 1:3 ) = [ 1400   1.230e-03   1.593 ];
data_trsv_blis( 36, 1:3 ) = [ 1440   1.315e-03   1.577 ];
data_trsv_blis( 37, 1:3 ) = [ 1480   1.387e-03   1.579 ];
data_trsv_blis( 38, 1:3 ) = [ 1520   1.461e-03   1.581 ];
data_trsv_blis( 39, 1:3 ) = [ 1560   1.473e-03   1.653 ];
data_trsv_blis( 40, 1:3 ) = [ 1600   1.611e-03   1.589 ];
data_trsv_blis( 41, 1:3 ) = [ 1640   1.674e-03   1.607 ];
data_trsv_blis( 42, 1:3 ) = [ 1680   1.713e-03   1.647 ];
data_trsv_blis( 43, 1:3 ) = [ 1720   1.833e-03   1.614 ];
data_trsv_blis( 44, 1:3 ) = [ 1760   1.919e-03   1.615 ];
data_trsv_blis( 45, 1:3 ) = [ 1800   2.014e-03   1.609 ];
data_trsv_blis( 46, 1:3 ) = [ 1840   2.091e-03   1.619 ];
data_trsv_blis( 47, 1:3 ) = [ 1880   2.183e-03   1.619 ];
data_trsv_blis( 48, 1:3 ) = [ 1920   2.287e-03   1.612 ];
data_trsv_blis( 49, 1:3 ) = [ 1960   2.357e-03   1.630 ];
data_trsv_blis( 50, 1:3 ) = [ 2000   2.461e-03   1.625 ];
