data_trsv_openblas(  1, 1:3 ) = [   40   2.098e-06   0.763 ];
data_trsv_openblas(  2, 1:3 ) = [   80   4.976e-06   1.286 ];
data_trsv_openblas(  3, 1:3 ) = [  120   9.257e-06   1.556 ];
data_trsv_openblas(  4, 1:3 ) = [  160   1.539e-05   1.664 ];
data_trsv_openblas(  5, 1:3 ) = [  200   2.139e-05   1.870 ];
data_trsv_openblas(  6, 1:3 ) = [  240   5.263e-05   1.094 ];
data_trsv_openblas(  7, 1:3 ) = [  280   6.766e-05   1.159 ];
data_trsv_openblas(  8, 1:3 ) = [  320   4.878e-05   2.099 ];
data_trsv_openblas(  9, 1:3 ) = [  360   5.946e-05   2.179 ];
data_trsv_openblas( 10, 1:3 ) = [  400   7.080e-05   2.260 ];
data_trsv_openblas( 11, 1:3 ) = [  440   8.332e-05   2.324 ];
data_trsv_openblas( 12, 1:3 ) = [  480   9.659e-05   2.385 ];
data_trsv_openblas( 13, 1:3 ) = [  520   1.126e-04   2.402 ];
data_trsv_openblas( 14, 1:3 ) = [  560   1.291e-04   2.430 ];
data_trsv_openblas( 15, 1:3 ) = [  600   1.419e-04   2.538 ];
data_trsv_openblas( 16, 1:3 ) = [  640   1.593e-04   2.571 ];
data_trsv_openblas( 17, 1:3 ) = [  680   1.781e-04   2.597 ];
data_trsv_openblas( 18, 1:3 ) = [  720   1.977e-04   2.623 ];
data_trsv_openblas( 19, 1:3 ) = [  760   1.281e-04   4.509 ];
data_trsv_openblas( 20, 1:3 ) = [  800   1.378e-04   4.643 ];
data_trsv_openblas( 21, 1:3 ) = [  840   1.509e-04   4.675 ];
data_trsv_openblas( 22, 1:3 ) = [  880   1.650e-04   4.693 ];
data_trsv_openblas( 23, 1:3 ) = [  920   1.814e-04   4.665 ];
data_trsv_openblas( 24, 1:3 ) = [  960   1.932e-04   4.771 ];
data_trsv_openblas( 25, 1:3 ) = [ 1000   2.075e-04   4.819 ];
data_trsv_openblas( 26, 1:3 ) = [ 1040   2.666e-04   4.057 ];
data_trsv_openblas( 27, 1:3 ) = [ 1080   2.400e-04   4.860 ];
data_trsv_openblas( 28, 1:3 ) = [ 1120   2.793e-04   4.492 ];
data_trsv_openblas( 29, 1:3 ) = [ 1160   3.260e-04   4.128 ];
data_trsv_openblas( 30, 1:3 ) = [ 1200   3.417e-04   4.214 ];
data_trsv_openblas( 31, 1:3 ) = [ 1240   3.871e-04   3.972 ];
data_trsv_openblas( 32, 1:3 ) = [ 1280   4.283e-04   3.825 ];
data_trsv_openblas( 33, 1:3 ) = [ 1320   5.129e-04   3.397 ];
data_trsv_openblas( 34, 1:3 ) = [ 1360   6.053e-04   3.056 ];
data_trsv_openblas( 35, 1:3 ) = [ 1400   6.850e-04   2.861 ];
data_trsv_openblas( 36, 1:3 ) = [ 1440   7.313e-04   2.836 ];
data_trsv_openblas( 37, 1:3 ) = [ 1480   8.111e-04   2.701 ];
data_trsv_openblas( 38, 1:3 ) = [ 1520   8.947e-04   2.582 ];
data_trsv_openblas( 39, 1:3 ) = [ 1560   8.938e-04   2.723 ];
data_trsv_openblas( 40, 1:3 ) = [ 1600   9.715e-04   2.635 ];
data_trsv_openblas( 41, 1:3 ) = [ 1640   1.018e-03   2.643 ];
data_trsv_openblas( 42, 1:3 ) = [ 1680   1.052e-03   2.683 ];
data_trsv_openblas( 43, 1:3 ) = [ 1720   1.140e-03   2.595 ];
data_trsv_openblas( 44, 1:3 ) = [ 1760   1.200e-03   2.581 ];
data_trsv_openblas( 45, 1:3 ) = [ 1800   1.237e-03   2.620 ];
data_trsv_openblas( 46, 1:3 ) = [ 1840   1.315e-03   2.575 ];
data_trsv_openblas( 47, 1:3 ) = [ 1880   1.364e-03   2.591 ];
data_trsv_openblas( 48, 1:3 ) = [ 1920   1.444e-03   2.552 ];
data_trsv_openblas( 49, 1:3 ) = [ 1960   1.510e-03   2.544 ];
data_trsv_openblas( 50, 1:3 ) = [ 2000   1.582e-03   2.529 ];
