data_gemm_openblas(  1, 1:5 ) = [   40   40   40   1.900e-05   6.737 ];
data_gemm_openblas(  2, 1:5 ) = [   80   80   80   1.220e-04   8.393 ];
data_gemm_openblas(  3, 1:5 ) = [  120  120  120   3.800e-04   9.095 ];
data_gemm_openblas(  4, 1:5 ) = [  160  160  160   8.750e-04   9.362 ];
data_gemm_openblas(  5, 1:5 ) = [  200  200  200   1.663e-03   9.621 ];
data_gemm_openblas(  6, 1:5 ) = [  240  240  240   2.843e-03   9.725 ];
data_gemm_openblas(  7, 1:5 ) = [  280  280  280   4.530e-03   9.692 ];
data_gemm_openblas(  8, 1:5 ) = [  320  320  320   6.774e-03   9.675 ];
data_gemm_openblas(  9, 1:5 ) = [  360  360  360   9.672e-03   9.648 ];
data_gemm_openblas( 10, 1:5 ) = [  400  400  400   1.341e-02   9.549 ];
data_gemm_openblas( 11, 1:5 ) = [  440  440  440   1.784e-02   9.550 ];
data_gemm_openblas( 12, 1:5 ) = [  480  480  480   2.317e-02   9.545 ];
data_gemm_openblas( 13, 1:5 ) = [  520  520  520   3.033e-02   9.271 ];
data_gemm_openblas( 14, 1:5 ) = [  560  560  560   3.709e-02   9.468 ];
data_gemm_openblas( 15, 1:5 ) = [  600  600  600   4.574e-02   9.444 ];
data_gemm_openblas( 16, 1:5 ) = [  640  640  640   5.536e-02   9.471 ];
data_gemm_openblas( 17, 1:5 ) = [  680  680  680   6.681e-02   9.413 ];
data_gemm_openblas( 18, 1:5 ) = [  720  720  720   7.927e-02   9.417 ];
data_gemm_openblas( 19, 1:5 ) = [  760  760  760   9.322e-02   9.418 ];
data_gemm_openblas( 20, 1:5 ) = [  800  800  800   1.085e-01   9.439 ];
data_gemm_openblas( 21, 1:5 ) = [  840  840  840   1.253e-01   9.459 ];
data_gemm_openblas( 22, 1:5 ) = [  880  880  880   1.436e-01   9.494 ];
data_gemm_openblas( 23, 1:5 ) = [  920  920  920   1.644e-01   9.474 ];
data_gemm_openblas( 24, 1:5 ) = [  960  960  960   1.863e-01   9.496 ];
data_gemm_openblas( 25, 1:5 ) = [ 1000 1000 1000   2.102e-01   9.516 ];
data_gemm_openblas( 26, 1:5 ) = [ 1040 1040 1040   2.359e-01   9.538 ];
data_gemm_openblas( 27, 1:5 ) = [ 1080 1080 1080   2.639e-01   9.547 ];
data_gemm_openblas( 28, 1:5 ) = [ 1120 1120 1120   2.938e-01   9.563 ];
data_gemm_openblas( 29, 1:5 ) = [ 1160 1160 1160   3.259e-01   9.580 ];
data_gemm_openblas( 30, 1:5 ) = [ 1200 1200 1200   3.599e-01   9.603 ];
data_gemm_openblas( 31, 1:5 ) = [ 1240 1240 1240   3.960e-01   9.628 ];
data_gemm_openblas( 32, 1:5 ) = [ 1280 1280 1280   4.346e-01   9.651 ];
data_gemm_openblas( 33, 1:5 ) = [ 1320 1320 1320   4.774e-01   9.635 ];
data_gemm_openblas( 34, 1:5 ) = [ 1360 1360 1360   5.218e-01   9.642 ];
data_gemm_openblas( 35, 1:5 ) = [ 1400 1400 1400   5.682e-01   9.658 ];
data_gemm_openblas( 36, 1:5 ) = [ 1440 1440 1440   6.182e-01   9.660 ];
data_gemm_openblas( 37, 1:5 ) = [ 1480 1480 1480   6.704e-01   9.671 ];
data_gemm_openblas( 38, 1:5 ) = [ 1520 1520 1520   7.245e-01   9.694 ];
data_gemm_openblas( 39, 1:5 ) = [ 1560 1560 1560   7.807e-01   9.725 ];
data_gemm_openblas( 40, 1:5 ) = [ 1600 1600 1600   8.425e-01   9.723 ];
data_gemm_openblas( 41, 1:5 ) = [ 1640 1640 1640   9.054e-01   9.743 ];
data_gemm_openblas( 42, 1:5 ) = [ 1680 1680 1680   9.743e-01   9.733 ];
data_gemm_openblas( 43, 1:5 ) = [ 1720 1720 1720   1.045e+00   9.735 ];
data_gemm_openblas( 44, 1:5 ) = [ 1760 1760 1760   1.119e+00   9.746 ];
data_gemm_openblas( 45, 1:5 ) = [ 1800 1800 1800   1.196e+00   9.751 ];
data_gemm_openblas( 46, 1:5 ) = [ 1840 1840 1840   1.277e+00   9.758 ];
data_gemm_openblas( 47, 1:5 ) = [ 1880 1880 1880   1.363e+00   9.750 ];
data_gemm_openblas( 48, 1:5 ) = [ 1920 1920 1920   1.441e+00   9.822 ];
data_gemm_openblas( 49, 1:5 ) = [ 1960 1960 1960   1.539e+00   9.785 ];
data_gemm_openblas( 50, 1:5 ) = [ 2000 2000 2000   1.633e+00   9.801 ];
