data_gemm_atlas(  1, 1:5 ) = [   40   40   40   3.100e-05   4.129 ];
data_gemm_atlas(  2, 1:5 ) = [   80   80   80   1.500e-04   6.827 ];
data_gemm_atlas(  3, 1:5 ) = [  120  120  120   4.110e-04   8.409 ];
data_gemm_atlas(  4, 1:5 ) = [  160  160  160   1.099e-03   7.454 ];
data_gemm_atlas(  5, 1:5 ) = [  200  200  200   1.889e-03   8.470 ];
data_gemm_atlas(  6, 1:5 ) = [  240  240  240   3.092e-03   8.942 ];
data_gemm_atlas(  7, 1:5 ) = [  280  280  280   4.847e-03   9.058 ];
data_gemm_atlas(  8, 1:5 ) = [  320  320  320   7.515e-03   8.721 ];
data_gemm_atlas(  9, 1:5 ) = [  360  360  360   1.040e-02   8.973 ];
data_gemm_atlas( 10, 1:5 ) = [  400  400  400   1.411e-02   9.071 ];
data_gemm_atlas( 11, 1:5 ) = [  440  440  440   1.915e-02   8.898 ];
data_gemm_atlas( 12, 1:5 ) = [  480  480  480   2.440e-02   9.065 ];
data_gemm_atlas( 13, 1:5 ) = [  520  520  520   3.085e-02   9.115 ];
data_gemm_atlas( 14, 1:5 ) = [  560  560  560   3.812e-02   9.214 ];
data_gemm_atlas( 15, 1:5 ) = [  600  600  600   4.795e-02   9.010 ];
data_gemm_atlas( 16, 1:5 ) = [  640  640  640   5.816e-02   9.015 ];
data_gemm_atlas( 17, 1:5 ) = [  680  680  680   7.120e-02   8.832 ];
data_gemm_atlas( 18, 1:5 ) = [  720  720  720   8.531e-02   8.750 ];
data_gemm_atlas( 19, 1:5 ) = [  760  760  760   1.004e-01   8.742 ];
data_gemm_atlas( 20, 1:5 ) = [  800  800  800   1.172e-01   8.734 ];
data_gemm_atlas( 21, 1:5 ) = [  840  840  840   1.349e-01   8.789 ];
data_gemm_atlas( 22, 1:5 ) = [  880  880  880   1.558e-01   8.747 ];
data_gemm_atlas( 23, 1:5 ) = [  920  920  920   1.771e-01   8.793 ];
data_gemm_atlas( 24, 1:5 ) = [  960  960  960   2.010e-01   8.802 ];
data_gemm_atlas( 25, 1:5 ) = [ 1000 1000 1000   2.264e-01   8.835 ];
data_gemm_atlas( 26, 1:5 ) = [ 1040 1040 1040   2.536e-01   8.873 ];
data_gemm_atlas( 27, 1:5 ) = [ 1080 1080 1080   2.831e-01   8.899 ];
data_gemm_atlas( 28, 1:5 ) = [ 1120 1120 1120   3.125e-01   8.992 ];
data_gemm_atlas( 29, 1:5 ) = [ 1160 1160 1160   3.489e-01   8.947 ];
data_gemm_atlas( 30, 1:5 ) = [ 1200 1200 1200   3.853e-01   8.971 ];
data_gemm_atlas( 31, 1:5 ) = [ 1240 1240 1240   4.250e-01   8.973 ];
data_gemm_atlas( 32, 1:5 ) = [ 1280 1280 1280   4.656e-01   9.009 ];
data_gemm_atlas( 33, 1:5 ) = [ 1320 1320 1320   5.102e-01   9.017 ];
data_gemm_atlas( 34, 1:5 ) = [ 1360 1360 1360   5.586e-01   9.007 ];
data_gemm_atlas( 35, 1:5 ) = [ 1400 1400 1400   6.019e-01   9.118 ];
data_gemm_atlas( 36, 1:5 ) = [ 1440 1440 1440   6.593e-01   9.059 ];
data_gemm_atlas( 37, 1:5 ) = [ 1480 1480 1480   7.164e-01   9.050 ];
data_gemm_atlas( 38, 1:5 ) = [ 1520 1520 1520   7.783e-01   9.025 ];
data_gemm_atlas( 39, 1:5 ) = [ 1560 1560 1560   8.342e-01   9.102 ];
data_gemm_atlas( 40, 1:5 ) = [ 1600 1600 1600   9.015e-01   9.087 ];
data_gemm_atlas( 41, 1:5 ) = [ 1640 1640 1640   9.723e-01   9.073 ];
data_gemm_atlas( 42, 1:5 ) = [ 1680 1680 1680   1.030e+00   9.207 ];
data_gemm_atlas( 43, 1:5 ) = [ 1720 1720 1720   1.112e+00   9.149 ];
data_gemm_atlas( 44, 1:5 ) = [ 1760 1760 1760   1.194e+00   9.133 ];
data_gemm_atlas( 45, 1:5 ) = [ 1800 1800 1800   1.281e+00   9.105 ];
data_gemm_atlas( 46, 1:5 ) = [ 1840 1840 1840   1.354e+00   9.201 ];
data_gemm_atlas( 47, 1:5 ) = [ 1880 1880 1880   1.447e+00   9.185 ];
data_gemm_atlas( 48, 1:5 ) = [ 1920 1920 1920   1.546e+00   9.158 ];
data_gemm_atlas( 49, 1:5 ) = [ 1960 1960 1960   1.622e+00   9.284 ];
data_gemm_atlas( 50, 1:5 ) = [ 2000 2000 2000   1.733e+00   9.234 ];
