data_gemm_blis(  1, 1:5 ) = [   40   40   40   2.000e-05   6.400 ];
data_gemm_blis(  2, 1:5 ) = [   80   80   80   1.210e-04   8.463 ];
data_gemm_blis(  3, 1:5 ) = [  120  120  120   3.770e-04   9.167 ];
data_gemm_blis(  4, 1:5 ) = [  160  160  160   8.770e-04   9.341 ];
data_gemm_blis(  5, 1:5 ) = [  200  200  200   1.665e-03   9.610 ];
data_gemm_blis(  6, 1:5 ) = [  240  240  240   2.899e-03   9.537 ];
data_gemm_blis(  7, 1:5 ) = [  280  280  280   4.742e-03   9.259 ];
data_gemm_blis(  8, 1:5 ) = [  320  320  320   7.109e-03   9.219 ];
data_gemm_blis(  9, 1:5 ) = [  360  360  360   1.009e-02   9.249 ];
data_gemm_blis( 10, 1:5 ) = [  400  400  400   1.380e-02   9.275 ];
data_gemm_blis( 11, 1:5 ) = [  440  440  440   1.827e-02   9.326 ];
data_gemm_blis( 12, 1:5 ) = [  480  480  480   2.367e-02   9.344 ];
data_gemm_blis( 13, 1:5 ) = [  520  520  520   3.040e-02   9.251 ];
data_gemm_blis( 14, 1:5 ) = [  560  560  560   3.773e-02   9.308 ];
data_gemm_blis( 15, 1:5 ) = [  600  600  600   4.624e-02   9.343 ];
data_gemm_blis( 16, 1:5 ) = [  640  640  640   5.589e-02   9.381 ];
data_gemm_blis( 17, 1:5 ) = [  680  680  680   6.727e-02   9.348 ];
data_gemm_blis( 18, 1:5 ) = [  720  720  720   7.956e-02   9.383 ];
data_gemm_blis( 19, 1:5 ) = [  760  760  760   9.382e-02   9.358 ];
data_gemm_blis( 20, 1:5 ) = [  800  800  800   1.096e-01   9.340 ];
data_gemm_blis( 21, 1:5 ) = [  840  840  840   1.274e-01   9.307 ];
data_gemm_blis( 22, 1:5 ) = [  880  880  880   1.476e-01   9.234 ];
data_gemm_blis( 23, 1:5 ) = [  920  920  920   1.680e-01   9.269 ];
data_gemm_blis( 24, 1:5 ) = [  960  960  960   1.899e-01   9.318 ];
data_gemm_blis( 25, 1:5 ) = [ 1000 1000 1000   2.140e-01   9.347 ];
data_gemm_blis( 26, 1:5 ) = [ 1040 1040 1040   2.401e-01   9.370 ];
data_gemm_blis( 27, 1:5 ) = [ 1080 1080 1080   2.680e-01   9.400 ];
data_gemm_blis( 28, 1:5 ) = [ 1120 1120 1120   2.980e-01   9.429 ];
data_gemm_blis( 29, 1:5 ) = [ 1160 1160 1160   3.308e-01   9.437 ];
data_gemm_blis( 30, 1:5 ) = [ 1200 1200 1200   3.663e-01   9.434 ];
data_gemm_blis( 31, 1:5 ) = [ 1240 1240 1240   4.046e-01   9.425 ];
data_gemm_blis( 32, 1:5 ) = [ 1280 1280 1280   4.484e-01   9.354 ];
data_gemm_blis( 33, 1:5 ) = [ 1320 1320 1320   4.885e-01   9.416 ];
data_gemm_blis( 34, 1:5 ) = [ 1360 1360 1360   5.327e-01   9.445 ];
data_gemm_blis( 35, 1:5 ) = [ 1400 1400 1400   5.794e-01   9.472 ];
data_gemm_blis( 36, 1:5 ) = [ 1440 1440 1440   6.300e-01   9.479 ];
data_gemm_blis( 37, 1:5 ) = [ 1480 1480 1480   6.833e-01   9.489 ];
data_gemm_blis( 38, 1:5 ) = [ 1520 1520 1520   7.405e-01   9.485 ];
data_gemm_blis( 39, 1:5 ) = [ 1560 1560 1560   8.004e-01   9.486 ];
data_gemm_blis( 40, 1:5 ) = [ 1600 1600 1600   8.636e-01   9.486 ];
data_gemm_blis( 41, 1:5 ) = [ 1640 1640 1640   9.355e-01   9.430 ];
data_gemm_blis( 42, 1:5 ) = [ 1680 1680 1680   1.004e+00   9.450 ];
data_gemm_blis( 43, 1:5 ) = [ 1720 1720 1720   1.075e+00   9.464 ];
data_gemm_blis( 44, 1:5 ) = [ 1760 1760 1760   1.150e+00   9.482 ];
data_gemm_blis( 45, 1:5 ) = [ 1800 1800 1800   1.231e+00   9.474 ];
data_gemm_blis( 46, 1:5 ) = [ 1840 1840 1840   1.313e+00   9.489 ];
data_gemm_blis( 47, 1:5 ) = [ 1880 1880 1880   1.402e+00   9.478 ];
data_gemm_blis( 48, 1:5 ) = [ 1920 1920 1920   1.491e+00   9.495 ];
data_gemm_blis( 49, 1:5 ) = [ 1960 1960 1960   1.591e+00   9.468 ];
data_gemm_blis( 50, 1:5 ) = [ 2000 2000 2000   1.690e+00   9.465 ];
