data_gemv_blis(  1, 1:4 ) = [   40   40   5.216e-06   0.613 ];
data_gemv_blis(  2, 1:4 ) = [   80   80   1.551e-05   0.825 ];
data_gemv_blis(  3, 1:4 ) = [  120  120   3.155e-05   0.913 ];
data_gemv_blis(  4, 1:4 ) = [  160  160   5.381e-05   0.952 ];
data_gemv_blis(  5, 1:4 ) = [  200  200   8.251e-05   0.970 ];
data_gemv_blis(  6, 1:4 ) = [  240  240   1.168e-04   0.986 ];
data_gemv_blis(  7, 1:4 ) = [  280  280   8.268e-05   1.896 ];
data_gemv_blis(  8, 1:4 ) = [  320  320   1.071e-04   1.913 ];
data_gemv_blis(  9, 1:4 ) = [  360  360   1.350e-04   1.920 ];
data_gemv_blis( 10, 1:4 ) = [  400  400   1.658e-04   1.930 ];
data_gemv_blis( 11, 1:4 ) = [  440  440   1.998e-04   1.938 ];
data_gemv_blis( 12, 1:4 ) = [  480  480   2.367e-04   1.947 ];
data_gemv_blis( 13, 1:4 ) = [  520  520   2.782e-04   1.944 ];
data_gemv_blis( 14, 1:4 ) = [  560  560   3.228e-04   1.943 ];
data_gemv_blis( 15, 1:4 ) = [  600  600   3.705e-04   1.943 ];
data_gemv_blis( 16, 1:4 ) = [  640  640   4.199e-04   1.951 ];
data_gemv_blis( 17, 1:4 ) = [  680  680   4.746e-04   1.949 ];
data_gemv_blis( 18, 1:4 ) = [  720  720   5.265e-04   1.969 ];
data_gemv_blis( 19, 1:4 ) = [  760  760   5.899e-04   1.958 ];
data_gemv_blis( 20, 1:4 ) = [  800  800   6.531e-04   1.960 ];
data_gemv_blis( 21, 1:4 ) = [  840  840   7.225e-04   1.953 ];
data_gemv_blis( 22, 1:4 ) = [  880  880   7.885e-04   1.964 ];
data_gemv_blis( 23, 1:4 ) = [  920  920   8.675e-04   1.951 ];
data_gemv_blis( 24, 1:4 ) = [  960  960   9.745e-04   1.891 ];
data_gemv_blis( 25, 1:4 ) = [ 1000 1000   1.081e-03   1.850 ];
data_gemv_blis( 26, 1:4 ) = [ 1040 1040   1.200e-03   1.803 ];
data_gemv_blis( 27, 1:4 ) = [ 1080 1080   1.307e-03   1.785 ];
data_gemv_blis( 28, 1:4 ) = [ 1120 1120   1.418e-03   1.769 ];
data_gemv_blis( 29, 1:4 ) = [ 1160 1160   1.535e-03   1.753 ];
data_gemv_blis( 30, 1:4 ) = [ 1200 1200   1.642e-03   1.754 ];
data_gemv_blis( 31, 1:4 ) = [ 1240 1240   1.749e-03   1.758 ];
data_gemv_blis( 32, 1:4 ) = [ 1280 1280   1.861e-03   1.761 ];
data_gemv_blis( 33, 1:4 ) = [ 1320 1320   1.980e-03   1.760 ];
data_gemv_blis( 34, 1:4 ) = [ 1360 1360   2.094e-03   1.767 ];
data_gemv_blis( 35, 1:4 ) = [ 1400 1400   2.230e-03   1.758 ];
data_gemv_blis( 36, 1:4 ) = [ 1440 1440   2.360e-03   1.757 ];
data_gemv_blis( 37, 1:4 ) = [ 1480 1480   2.490e-03   1.759 ];
data_gemv_blis( 38, 1:4 ) = [ 1520 1520   2.627e-03   1.759 ];
data_gemv_blis( 39, 1:4 ) = [ 1560 1560   2.780e-03   1.751 ];
data_gemv_blis( 40, 1:4 ) = [ 1600 1600   2.918e-03   1.755 ];
data_gemv_blis( 41, 1:4 ) = [ 1640 1640   3.047e-03   1.765 ];
data_gemv_blis( 42, 1:4 ) = [ 1680 1680   3.199e-03   1.765 ];
data_gemv_blis( 43, 1:4 ) = [ 1720 1720   3.356e-03   1.763 ];
data_gemv_blis( 44, 1:4 ) = [ 1760 1760   3.518e-03   1.761 ];
data_gemv_blis( 45, 1:4 ) = [ 1800 1800   3.684e-03   1.759 ];
data_gemv_blis( 46, 1:4 ) = [ 1840 1840   3.849e-03   1.759 ];
data_gemv_blis( 47, 1:4 ) = [ 1880 1880   4.011e-03   1.762 ];
data_gemv_blis( 48, 1:4 ) = [ 1920 1920   4.177e-03   1.765 ];
data_gemv_blis( 49, 1:4 ) = [ 1960 1960   4.357e-03   1.763 ];
data_gemv_blis( 50, 1:4 ) = [ 2000 2000   4.573e-03   1.749 ];
