data_gemv_openblas(  1, 1:4 ) = [   40   40   1.000e-06   3.200 ];
data_gemv_openblas(  2, 1:4 ) = [   80   80   5.000e-06   2.560 ];
data_gemv_openblas(  3, 1:4 ) = [  120  120   1.000e-05   2.880 ];
data_gemv_openblas(  4, 1:4 ) = [  160  160   1.600e-05   3.200 ];
data_gemv_openblas(  5, 1:4 ) = [  200  200   2.500e-05   3.200 ];
data_gemv_openblas(  6, 1:4 ) = [  240  240   3.500e-05   3.291 ];
data_gemv_openblas(  7, 1:4 ) = [  280  280   4.700e-05   3.336 ];
data_gemv_openblas(  8, 1:4 ) = [  320  320   6.100e-05   3.357 ];
data_gemv_openblas(  9, 1:4 ) = [  360  360   7.700e-05   3.366 ];
data_gemv_openblas( 10, 1:4 ) = [  400  400   9.500e-05   3.368 ];
data_gemv_openblas( 11, 1:4 ) = [  440  440   1.160e-04   3.338 ];
data_gemv_openblas( 12, 1:4 ) = [  480  480   1.360e-04   3.388 ];
data_gemv_openblas( 13, 1:4 ) = [  520  520   1.690e-04   3.200 ];
data_gemv_openblas( 14, 1:4 ) = [  560  560   2.000e-04   3.136 ];
data_gemv_openblas( 15, 1:4 ) = [  600  600   2.440e-04   2.951 ];
data_gemv_openblas( 16, 1:4 ) = [  640  640   2.890e-04   2.835 ];
data_gemv_openblas( 17, 1:4 ) = [  680  680   3.510e-04   2.635 ];
data_gemv_openblas( 18, 1:4 ) = [  720  720   4.080e-04   2.541 ];
data_gemv_openblas( 19, 1:4 ) = [  760  760   4.690e-04   2.463 ];
data_gemv_openblas( 20, 1:4 ) = [  800  800   5.330e-04   2.402 ];
data_gemv_openblas( 21, 1:4 ) = [  840  840   6.040e-04   2.336 ];
data_gemv_openblas( 22, 1:4 ) = [  880  880   6.670e-04   2.322 ];
data_gemv_openblas( 23, 1:4 ) = [  920  920   7.250e-04   2.335 ];
data_gemv_openblas( 24, 1:4 ) = [  960  960   8.120e-04   2.270 ];
data_gemv_openblas( 25, 1:4 ) = [ 1000 1000   8.980e-04   2.227 ];
data_gemv_openblas( 26, 1:4 ) = [ 1040 1040   9.620e-04   2.249 ];
data_gemv_openblas( 27, 1:4 ) = [ 1080 1080   1.035e-03   2.254 ];
data_gemv_openblas( 28, 1:4 ) = [ 1120 1120   1.093e-03   2.295 ];
data_gemv_openblas( 29, 1:4 ) = [ 1160 1160   1.322e-03   2.036 ];
data_gemv_openblas( 30, 1:4 ) = [ 1200 1200   1.467e-03   1.963 ];
data_gemv_openblas( 31, 1:4 ) = [ 1240 1240   1.729e-03   1.779 ];
data_gemv_openblas( 32, 1:4 ) = [ 1280 1280   2.113e-03   1.551 ];
data_gemv_openblas( 33, 1:4 ) = [ 1320 1320   2.611e-03   1.335 ];
data_gemv_openblas( 34, 1:4 ) = [ 1360 1360   3.163e-03   1.170 ];
data_gemv_openblas( 35, 1:4 ) = [ 1400 1400   3.603e-03   1.088 ];
data_gemv_openblas( 36, 1:4 ) = [ 1440 1440   4.347e-03   0.954 ];
data_gemv_openblas( 37, 1:4 ) = [ 1480 1480   5.223e-03   0.839 ];
data_gemv_openblas( 38, 1:4 ) = [ 1520 1520   6.064e-03   0.762 ];
data_gemv_openblas( 39, 1:4 ) = [ 1560 1560   7.008e-03   0.695 ];
data_gemv_openblas( 40, 1:4 ) = [ 1600 1600   7.665e-03   0.668 ];
data_gemv_openblas( 41, 1:4 ) = [ 1640 1640   8.221e-03   0.654 ];
data_gemv_openblas( 42, 1:4 ) = [ 1680 1680   9.030e-03   0.625 ];
data_gemv_openblas( 43, 1:4 ) = [ 1720 1720   1.014e-02   0.583 ];
data_gemv_openblas( 44, 1:4 ) = [ 1760 1760   1.065e-02   0.582 ];
data_gemv_openblas( 45, 1:4 ) = [ 1800 1800   1.128e-02   0.575 ];
data_gemv_openblas( 46, 1:4 ) = [ 1840 1840   1.182e-02   0.573 ];
data_gemv_openblas( 47, 1:4 ) = [ 1880 1880   1.259e-02   0.562 ];
data_gemv_openblas( 48, 1:4 ) = [ 1920 1920   1.302e-02   0.566 ];
data_gemv_openblas( 49, 1:4 ) = [ 1960 1960   1.346e-02   0.571 ];
data_gemv_openblas( 50, 1:4 ) = [ 2000 2000   1.424e-02   0.562 ];
