data_gemv_atlas(  1, 1:4 ) = [   40   40   9.740e-07   3.285 ];
data_gemv_atlas(  2, 1:4 ) = [   80   80   3.793e-06   3.375 ];
data_gemv_atlas(  3, 1:4 ) = [  120  120   9.022e-06   3.192 ];
data_gemv_atlas(  4, 1:4 ) = [  160  160   1.444e-05   3.546 ];
data_gemv_atlas(  5, 1:4 ) = [  200  200   2.277e-05   3.514 ];
data_gemv_atlas(  6, 1:4 ) = [  240  240   3.225e-05   3.573 ];
data_gemv_atlas(  7, 1:4 ) = [  280  280   4.368e-05   3.589 ];
data_gemv_atlas(  8, 1:4 ) = [  320  320   1.044e-04   1.963 ];
data_gemv_atlas(  9, 1:4 ) = [  360  360   6.690e-05   3.875 ];
data_gemv_atlas( 10, 1:4 ) = [  400  400   1.017e-04   3.145 ];
data_gemv_atlas( 11, 1:4 ) = [  440  440   1.283e-04   3.017 ];
data_gemv_atlas( 12, 1:4 ) = [  480  480   1.458e-04   3.160 ];
data_gemv_atlas( 13, 1:4 ) = [  520  520   1.730e-04   3.126 ];
data_gemv_atlas( 14, 1:4 ) = [  560  560   2.008e-04   3.124 ];
data_gemv_atlas( 15, 1:4 ) = [  600  600   2.310e-04   3.118 ];
data_gemv_atlas( 16, 1:4 ) = [  640  640   2.655e-04   3.085 ];
data_gemv_atlas( 17, 1:4 ) = [  680  680   3.000e-04   3.083 ];
data_gemv_atlas( 18, 1:4 ) = [  720  720   3.338e-04   3.106 ];
data_gemv_atlas( 19, 1:4 ) = [  760  760   3.694e-04   3.127 ];
data_gemv_atlas( 20, 1:4 ) = [  800  800   4.150e-04   3.084 ];
data_gemv_atlas( 21, 1:4 ) = [  840  840   4.544e-04   3.106 ];
data_gemv_atlas( 22, 1:4 ) = [  880  880   5.253e-04   2.948 ];
data_gemv_atlas( 23, 1:4 ) = [  920  920   5.584e-04   3.032 ];
data_gemv_atlas( 24, 1:4 ) = [  960  960   6.250e-04   2.949 ];
data_gemv_atlas( 25, 1:4 ) = [ 1000 1000   7.824e-04   2.556 ];
data_gemv_atlas( 26, 1:4 ) = [ 1040 1040   9.182e-04   2.356 ];
data_gemv_atlas( 27, 1:4 ) = [ 1080 1080   1.112e-03   2.097 ];
data_gemv_atlas( 28, 1:4 ) = [ 1120 1120   1.317e-03   1.905 ];
data_gemv_atlas( 29, 1:4 ) = [ 1160 1160   1.543e-03   1.744 ];
data_gemv_atlas( 30, 1:4 ) = [ 1200 1200   1.575e-03   1.829 ];
data_gemv_atlas( 31, 1:4 ) = [ 1240 1240   1.776e-03   1.732 ];
data_gemv_atlas( 32, 1:4 ) = [ 1280 1280   1.512e-03   2.167 ];
data_gemv_atlas( 33, 1:4 ) = [ 1320 1320   2.057e-03   1.694 ];
data_gemv_atlas( 34, 1:4 ) = [ 1360 1360   2.112e-03   1.752 ];
data_gemv_atlas( 35, 1:4 ) = [ 1400 1400   2.364e-03   1.658 ];
data_gemv_atlas( 36, 1:4 ) = [ 1440 1440   2.541e-03   1.632 ];
data_gemv_atlas( 37, 1:4 ) = [ 1480 1480   2.531e-03   1.731 ];
data_gemv_atlas( 38, 1:4 ) = [ 1520 1520   2.612e-03   1.769 ];
data_gemv_atlas( 39, 1:4 ) = [ 1560 1560   2.815e-03   1.729 ];
data_gemv_atlas( 40, 1:4 ) = [ 1600 1600   2.877e-03   1.780 ];
data_gemv_atlas( 41, 1:4 ) = [ 1640 1640   3.308e-03   1.626 ];
data_gemv_atlas( 42, 1:4 ) = [ 1680 1680   3.341e-03   1.690 ];
data_gemv_atlas( 43, 1:4 ) = [ 1720 1720   3.291e-03   1.798 ];
data_gemv_atlas( 44, 1:4 ) = [ 1760 1760   3.319e-03   1.866 ];
data_gemv_atlas( 45, 1:4 ) = [ 1800 1800   3.609e-03   1.795 ];
data_gemv_atlas( 46, 1:4 ) = [ 1840 1840   3.697e-03   1.831 ];
data_gemv_atlas( 47, 1:4 ) = [ 1880 1880   3.884e-03   1.820 ];
data_gemv_atlas( 48, 1:4 ) = [ 1920 1920   4.350e-03   1.695 ];
data_gemv_atlas( 49, 1:4 ) = [ 1960 1960   4.295e-03   1.789 ];
data_gemv_atlas( 50, 1:4 ) = [ 2000 2000   3.978e-03   2.011 ];
