data_gemv_mkl(  1, 1:4 ) = [   40   40   1.000e-06   3.200 ];
data_gemv_mkl(  2, 1:4 ) = [   80   80   3.000e-06   4.267 ];
data_gemv_mkl(  3, 1:4 ) = [  120  120   6.000e-06   4.800 ];
data_gemv_mkl(  4, 1:4 ) = [  160  160   9.000e-06   5.689 ];
data_gemv_mkl(  5, 1:4 ) = [  200  200   1.400e-05   5.714 ];
data_gemv_mkl(  6, 1:4 ) = [  240  240   2.100e-05   5.486 ];
data_gemv_mkl(  7, 1:4 ) = [  280  280   2.800e-05   5.600 ];
data_gemv_mkl(  8, 1:4 ) = [  320  320   3.600e-05   5.689 ];
data_gemv_mkl(  9, 1:4 ) = [  360  360   4.700e-05   5.515 ];
data_gemv_mkl( 10, 1:4 ) = [  400  400   5.600e-05   5.714 ];
data_gemv_mkl( 11, 1:4 ) = [  440  440   6.900e-05   5.612 ];
data_gemv_mkl( 12, 1:4 ) = [  480  480   8.400e-05   5.486 ];
data_gemv_mkl( 13, 1:4 ) = [  520  520   1.040e-04   5.200 ];
data_gemv_mkl( 14, 1:4 ) = [  560  560   1.230e-04   5.099 ];
data_gemv_mkl( 15, 1:4 ) = [  600  600   1.550e-04   4.645 ];
data_gemv_mkl( 16, 1:4 ) = [  640  640   2.060e-04   3.977 ];
data_gemv_mkl( 17, 1:4 ) = [  680  680   2.670e-04   3.464 ];
data_gemv_mkl( 18, 1:4 ) = [  720  720   3.400e-04   3.049 ];
data_gemv_mkl( 19, 1:4 ) = [  760  760   4.200e-04   2.750 ];
data_gemv_mkl( 20, 1:4 ) = [  800  800   4.800e-04   2.667 ];
data_gemv_mkl( 21, 1:4 ) = [  840  840   5.460e-04   2.585 ];
data_gemv_mkl( 22, 1:4 ) = [  880  880   6.060e-04   2.556 ];
data_gemv_mkl( 23, 1:4 ) = [  920  920   6.810e-04   2.486 ];
data_gemv_mkl( 24, 1:4 ) = [  960  960   7.630e-04   2.416 ];
data_gemv_mkl( 25, 1:4 ) = [ 1000 1000   8.560e-04   2.336 ];
data_gemv_mkl( 26, 1:4 ) = [ 1040 1040   9.520e-04   2.272 ];
data_gemv_mkl( 27, 1:4 ) = [ 1080 1080   9.960e-04   2.342 ];
data_gemv_mkl( 28, 1:4 ) = [ 1120 1120   1.091e-03   2.300 ];
data_gemv_mkl( 29, 1:4 ) = [ 1160 1160   1.223e-03   2.200 ];
data_gemv_mkl( 30, 1:4 ) = [ 1200 1200   1.496e-03   1.925 ];
data_gemv_mkl( 31, 1:4 ) = [ 1240 1240   1.754e-03   1.753 ];
data_gemv_mkl( 32, 1:4 ) = [ 1280 1280   2.057e-03   1.593 ];
data_gemv_mkl( 33, 1:4 ) = [ 1320 1320   2.333e-03   1.494 ];
data_gemv_mkl( 34, 1:4 ) = [ 1360 1360   2.834e-03   1.305 ];
data_gemv_mkl( 35, 1:4 ) = [ 1400 1400   3.464e-03   1.132 ];
data_gemv_mkl( 36, 1:4 ) = [ 1440 1440   4.176e-03   0.993 ];
data_gemv_mkl( 37, 1:4 ) = [ 1480 1480   4.893e-03   0.895 ];
data_gemv_mkl( 38, 1:4 ) = [ 1520 1520   5.710e-03   0.809 ];
data_gemv_mkl( 39, 1:4 ) = [ 1560 1560   6.519e-03   0.747 ];
data_gemv_mkl( 40, 1:4 ) = [ 1600 1600   7.131e-03   0.718 ];
data_gemv_mkl( 41, 1:4 ) = [ 1640 1640   7.748e-03   0.694 ];
data_gemv_mkl( 42, 1:4 ) = [ 1680 1680   8.414e-03   0.671 ];
data_gemv_mkl( 43, 1:4 ) = [ 1720 1720   9.091e-03   0.651 ];
data_gemv_mkl( 44, 1:4 ) = [ 1760 1760   9.660e-03   0.641 ];
data_gemv_mkl( 45, 1:4 ) = [ 1800 1800   1.026e-02   0.631 ];
data_gemv_mkl( 46, 1:4 ) = [ 1840 1840   1.080e-02   0.627 ];
data_gemv_mkl( 47, 1:4 ) = [ 1880 1880   1.140e-02   0.620 ];
data_gemv_mkl( 48, 1:4 ) = [ 1920 1920   1.199e-02   0.615 ];
data_gemv_mkl( 49, 1:4 ) = [ 1960 1960   1.242e-02   0.619 ];
data_gemv_mkl( 50, 1:4 ) = [ 2000 2000   1.299e-02   0.616 ];
