data_ger_atlas(  1, 1:4 ) = [   40   40   3.739e-06   0.856 ];
data_ger_atlas(  2, 1:4 ) = [   80   80   1.048e-05   1.221 ];
data_ger_atlas(  3, 1:4 ) = [  120  120   2.244e-05   1.283 ];
data_ger_atlas(  4, 1:4 ) = [  160  160   4.199e-05   1.219 ];
data_ger_atlas(  5, 1:4 ) = [  200  200   6.341e-05   1.262 ];
data_ger_atlas(  6, 1:4 ) = [  240  240   9.013e-05   1.278 ];
data_ger_atlas(  7, 1:4 ) = [  280  280   6.796e-05   2.307 ];
data_ger_atlas(  8, 1:4 ) = [  320  320   8.686e-05   2.358 ];
data_ger_atlas(  9, 1:4 ) = [  360  360   1.104e-04   2.347 ];
data_ger_atlas( 10, 1:4 ) = [  400  400   1.124e-04   2.846 ];
data_ger_atlas( 11, 1:4 ) = [  440  440   1.374e-04   2.817 ];
data_ger_atlas( 12, 1:4 ) = [  480  480   1.632e-04   2.824 ];
data_ger_atlas( 13, 1:4 ) = [  520  520   2.051e-04   2.637 ];
data_ger_atlas( 14, 1:4 ) = [  560  560   2.230e-04   2.812 ];
data_ger_atlas( 15, 1:4 ) = [  600  600   2.530e-04   2.846 ];
data_ger_atlas( 16, 1:4 ) = [  640  640   2.913e-04   2.812 ];
data_ger_atlas( 17, 1:4 ) = [  680  680   3.315e-04   2.790 ];
data_ger_atlas( 18, 1:4 ) = [  720  720   3.846e-04   2.696 ];
data_ger_atlas( 19, 1:4 ) = [  760  760   4.450e-04   2.596 ];
data_ger_atlas( 20, 1:4 ) = [  800  800   4.938e-04   2.592 ];
data_ger_atlas( 21, 1:4 ) = [  840  840   5.707e-04   2.473 ];
data_ger_atlas( 22, 1:4 ) = [  880  880   6.601e-04   2.346 ];
data_ger_atlas( 23, 1:4 ) = [  920  920   7.579e-04   2.233 ];
data_ger_atlas( 24, 1:4 ) = [  960  960   8.457e-04   2.179 ];
data_ger_atlas( 25, 1:4 ) = [ 1000 1000   9.633e-04   2.076 ];
data_ger_atlas( 26, 1:4 ) = [ 1040 1040   1.078e-03   2.006 ];
data_ger_atlas( 27, 1:4 ) = [ 1080 1080   1.128e-03   2.068 ];
data_ger_atlas( 28, 1:4 ) = [ 1120 1120   1.228e-03   2.043 ];
data_ger_atlas( 29, 1:4 ) = [ 1160 1160   1.294e-03   2.079 ];
data_ger_atlas( 30, 1:4 ) = [ 1200 1200   1.401e-03   2.055 ];
data_ger_atlas( 31, 1:4 ) = [ 1240 1240   1.531e-03   2.009 ];
data_ger_atlas( 32, 1:4 ) = [ 1280 1280   1.599e-03   2.049 ];
data_ger_atlas( 33, 1:4 ) = [ 1320 1320   1.703e-03   2.047 ];
data_ger_atlas( 34, 1:4 ) = [ 1360 1360   1.838e-03   2.012 ];
data_ger_atlas( 35, 1:4 ) = [ 1400 1400   1.940e-03   2.021 ];
data_ger_atlas( 36, 1:4 ) = [ 1440 1440   2.075e-03   1.998 ];
data_ger_atlas( 37, 1:4 ) = [ 1480 1480   2.230e-03   1.964 ];
data_ger_atlas( 38, 1:4 ) = [ 1520 1520   2.408e-03   1.919 ];
data_ger_atlas( 39, 1:4 ) = [ 1560 1560   2.538e-03   1.918 ];
data_ger_atlas( 40, 1:4 ) = [ 1600 1600   2.603e-03   1.967 ];
data_ger_atlas( 41, 1:4 ) = [ 1640 1640   2.713e-03   1.983 ];
data_ger_atlas( 42, 1:4 ) = [ 1680 1680   2.832e-03   1.993 ];
data_ger_atlas( 43, 1:4 ) = [ 1720 1720   2.929e-03   2.020 ];
data_ger_atlas( 44, 1:4 ) = [ 1760 1760   3.116e-03   1.988 ];
data_ger_atlas( 45, 1:4 ) = [ 1800 1800   3.219e-03   2.013 ];
data_ger_atlas( 46, 1:4 ) = [ 1840 1840   3.392e-03   1.996 ];
data_ger_atlas( 47, 1:4 ) = [ 1880 1880   3.527e-03   2.004 ];
data_ger_atlas( 48, 1:4 ) = [ 1920 1920   3.705e-03   1.990 ];
data_ger_atlas( 49, 1:4 ) = [ 1960 1960   3.913e-03   1.964 ];
data_ger_atlas( 50, 1:4 ) = [ 2000 2000   4.161e-03   1.923 ];
