data_ger_openblas(  1, 1:4 ) = [   40   40   9.616e-06   0.333 ];
data_ger_openblas(  2, 1:4 ) = [   80   80   8.051e-06   1.590 ];
data_ger_openblas(  3, 1:4 ) = [  120  120   1.213e-05   2.373 ];
data_ger_openblas(  4, 1:4 ) = [  160  160   1.526e-05   3.354 ];
data_ger_openblas(  5, 1:4 ) = [  200  200   1.936e-05   4.131 ];
data_ger_openblas(  6, 1:4 ) = [  240  240   2.537e-05   4.542 ];
data_ger_openblas(  7, 1:4 ) = [  280  280   3.277e-05   4.785 ];
data_ger_openblas(  8, 1:4 ) = [  320  320   2.032e-05  10.079 ];
data_ger_openblas(  9, 1:4 ) = [  360  360   2.784e-05   9.311 ];
data_ger_openblas( 10, 1:4 ) = [  400  400   3.612e-05   8.861 ];
data_ger_openblas( 11, 1:4 ) = [  440  440   4.802e-05   8.064 ];
data_ger_openblas( 12, 1:4 ) = [  480  480   6.179e-05   7.458 ];
data_ger_openblas( 13, 1:4 ) = [  520  520   7.766e-05   6.964 ];
data_ger_openblas( 14, 1:4 ) = [  560  560   9.415e-05   6.661 ];
data_ger_openblas( 15, 1:4 ) = [  600  600   1.141e-04   6.310 ];
data_ger_openblas( 16, 1:4 ) = [  640  640   1.339e-04   6.116 ];
data_ger_openblas( 17, 1:4 ) = [  680  680   1.629e-04   5.676 ];
data_ger_openblas( 18, 1:4 ) = [  720  720   1.936e-04   5.356 ];
data_ger_openblas( 19, 1:4 ) = [  760  760   2.299e-04   5.025 ];
data_ger_openblas( 20, 1:4 ) = [  800  800   2.607e-04   4.910 ];
data_ger_openblas( 21, 1:4 ) = [  840  840   3.162e-04   4.463 ];
data_ger_openblas( 22, 1:4 ) = [  880  880   3.762e-04   4.117 ];
data_ger_openblas( 23, 1:4 ) = [  920  920   4.317e-04   3.921 ];
data_ger_openblas( 24, 1:4 ) = [  960  960   5.037e-04   3.659 ];
data_ger_openblas( 25, 1:4 ) = [ 1000 1000   5.654e-04   3.537 ];
data_ger_openblas( 26, 1:4 ) = [ 1040 1040   6.365e-04   3.399 ];
data_ger_openblas( 27, 1:4 ) = [ 1080 1080   7.198e-04   3.241 ];
data_ger_openblas( 28, 1:4 ) = [ 1120 1120   8.015e-04   3.130 ];
data_ger_openblas( 29, 1:4 ) = [ 1160 1160   8.989e-04   2.994 ];
data_ger_openblas( 30, 1:4 ) = [ 1200 1200   9.647e-04   2.985 ];
data_ger_openblas( 31, 1:4 ) = [ 1240 1240   1.065e-03   2.888 ];
data_ger_openblas( 32, 1:4 ) = [ 1280 1280   1.148e-03   2.854 ];
data_ger_openblas( 33, 1:4 ) = [ 1320 1320   1.248e-03   2.792 ];
data_ger_openblas( 34, 1:4 ) = [ 1360 1360   1.352e-03   2.736 ];
data_ger_openblas( 35, 1:4 ) = [ 1400 1400   1.449e-03   2.704 ];
data_ger_openblas( 36, 1:4 ) = [ 1440 1440   1.560e-03   2.658 ];
data_ger_openblas( 37, 1:4 ) = [ 1480 1480   1.668e-03   2.626 ];
data_ger_openblas( 38, 1:4 ) = [ 1520 1520   1.806e-03   2.559 ];
data_ger_openblas( 39, 1:4 ) = [ 1560 1560   1.896e-03   2.568 ];
data_ger_openblas( 40, 1:4 ) = [ 1600 1600   2.039e-03   2.511 ];
data_ger_openblas( 41, 1:4 ) = [ 1640 1640   2.152e-03   2.499 ];
data_ger_openblas( 42, 1:4 ) = [ 1680 1680   2.263e-03   2.494 ];
data_ger_openblas( 43, 1:4 ) = [ 1720 1720   2.357e-03   2.510 ];
data_ger_openblas( 44, 1:4 ) = [ 1760 1760   2.526e-03   2.452 ];
data_ger_openblas( 45, 1:4 ) = [ 1800 1800   2.643e-03   2.452 ];
data_ger_openblas( 46, 1:4 ) = [ 1840 1840   2.797e-03   2.420 ];
data_ger_openblas( 47, 1:4 ) = [ 1880 1880   2.913e-03   2.427 ];
data_ger_openblas( 48, 1:4 ) = [ 1920 1920   3.049e-03   2.418 ];
data_ger_openblas( 49, 1:4 ) = [ 1960 1960   3.182e-03   2.415 ];
data_ger_openblas( 50, 1:4 ) = [ 2000 2000   3.355e-03   2.385 ];
