data_ger_blis(  1, 1:4 ) = [   40   40   3.420e-06   0.936 ];
data_ger_blis(  2, 1:4 ) = [   80   80   1.414e-05   0.905 ];
data_ger_blis(  3, 1:4 ) = [  120  120   2.987e-05   0.964 ];
data_ger_blis(  4, 1:4 ) = [  160  160   5.195e-05   0.986 ];
data_ger_blis(  5, 1:4 ) = [  200  200   8.001e-05   1.000 ];
data_ger_blis(  6, 1:4 ) = [  240  240   6.024e-05   1.912 ];
data_ger_blis(  7, 1:4 ) = [  280  280   8.134e-05   1.928 ];
data_ger_blis(  8, 1:4 ) = [  320  320   1.056e-04   1.939 ];
data_ger_blis(  9, 1:4 ) = [  360  360   1.332e-04   1.946 ];
data_ger_blis( 10, 1:4 ) = [  400  400   1.643e-04   1.948 ];
data_ger_blis( 11, 1:4 ) = [  440  440   1.987e-04   1.949 ];
data_ger_blis( 12, 1:4 ) = [  480  480   2.364e-04   1.949 ];
data_ger_blis( 13, 1:4 ) = [  520  520   2.779e-04   1.946 ];
data_ger_blis( 14, 1:4 ) = [  560  560   3.241e-04   1.935 ];
data_ger_blis( 15, 1:4 ) = [  600  600   3.708e-04   1.942 ];
data_ger_blis( 16, 1:4 ) = [  640  640   4.187e-04   1.956 ];
data_ger_blis( 17, 1:4 ) = [  680  680   4.823e-04   1.917 ];
data_ger_blis( 18, 1:4 ) = [  720  720   5.452e-04   1.902 ];
data_ger_blis( 19, 1:4 ) = [  760  760   6.179e-04   1.869 ];
data_ger_blis( 20, 1:4 ) = [  800  800   6.978e-04   1.834 ];
data_ger_blis( 21, 1:4 ) = [  840  840   7.860e-04   1.796 ];
data_ger_blis( 22, 1:4 ) = [  880  880   8.791e-04   1.762 ];
data_ger_blis( 23, 1:4 ) = [  920  920   9.868e-04   1.715 ];
data_ger_blis( 24, 1:4 ) = [  960  960   1.096e-03   1.683 ];
data_ger_blis( 25, 1:4 ) = [ 1000 1000   1.188e-03   1.683 ];
data_ger_blis( 26, 1:4 ) = [ 1040 1040   1.301e-03   1.663 ];
data_ger_blis( 27, 1:4 ) = [ 1080 1080   1.407e-03   1.658 ];
data_ger_blis( 28, 1:4 ) = [ 1120 1120   1.509e-03   1.663 ];
data_ger_blis( 29, 1:4 ) = [ 1160 1160   1.626e-03   1.655 ];
data_ger_blis( 30, 1:4 ) = [ 1200 1200   1.773e-03   1.624 ];
data_ger_blis( 31, 1:4 ) = [ 1240 1240   1.849e-03   1.663 ];
data_ger_blis( 32, 1:4 ) = [ 1280 1280   1.980e-03   1.655 ];
data_ger_blis( 33, 1:4 ) = [ 1320 1320   2.095e-03   1.663 ];
data_ger_blis( 34, 1:4 ) = [ 1360 1360   2.241e-03   1.651 ];
data_ger_blis( 35, 1:4 ) = [ 1400 1400   2.368e-03   1.655 ];
data_ger_blis( 36, 1:4 ) = [ 1440 1440   2.506e-03   1.655 ];
data_ger_blis( 37, 1:4 ) = [ 1480 1480   2.650e-03   1.653 ];
data_ger_blis( 38, 1:4 ) = [ 1520 1520   2.792e-03   1.655 ];
data_ger_blis( 39, 1:4 ) = [ 1560 1560   2.951e-03   1.649 ];
data_ger_blis( 40, 1:4 ) = [ 1600 1600   3.092e-03   1.656 ];
data_ger_blis( 41, 1:4 ) = [ 1640 1640   3.260e-03   1.650 ];
data_ger_blis( 42, 1:4 ) = [ 1680 1680   3.421e-03   1.650 ];
data_ger_blis( 43, 1:4 ) = [ 1720 1720   3.604e-03   1.642 ];
data_ger_blis( 44, 1:4 ) = [ 1760 1760   3.813e-03   1.625 ];
data_ger_blis( 45, 1:4 ) = [ 1800 1800   3.974e-03   1.631 ];
data_ger_blis( 46, 1:4 ) = [ 1840 1840   4.124e-03   1.642 ];
data_ger_blis( 47, 1:4 ) = [ 1880 1880   4.256e-03   1.661 ];
data_ger_blis( 48, 1:4 ) = [ 1920 1920   4.481e-03   1.645 ];
data_ger_blis( 49, 1:4 ) = [ 1960 1960   4.711e-03   1.631 ];
data_ger_blis( 50, 1:4 ) = [ 2000 2000   4.867e-03   1.644 ];
