data_hemm_atlas(  1, 1:4 ) = [  200  200   2.101e-03   7.615 ];
data_hemm_atlas(  2, 1:4 ) = [  400  400   1.351e-02   9.472 ];
data_hemm_atlas(  3, 1:4 ) = [  600  600   4.493e-02   9.615 ];
data_hemm_atlas(  4, 1:4 ) = [  800  800   1.051e-01   9.745 ];
data_hemm_atlas(  5, 1:4 ) = [ 1000 1000   2.040e-01   9.805 ];
data_hemm_atlas(  6, 1:4 ) = [ 1200 1200   3.498e-01   9.879 ];
data_hemm_atlas(  7, 1:4 ) = [ 1400 1400   5.519e-01   9.943 ];
data_hemm_atlas(  8, 1:4 ) = [ 1600 1600   8.245e-01   9.935 ];
data_hemm_atlas(  9, 1:4 ) = [ 1800 1800   1.173e+00   9.940 ];
data_hemm_atlas( 10, 1:4 ) = [ 2000 2000   1.600e+00   9.998 ];
