data_hemm_blis(  1, 1:4 ) = [   40   40   2.100e-05   6.095 ];
data_hemm_blis(  2, 1:4 ) = [   80   80   1.230e-04   8.325 ];
data_hemm_blis(  3, 1:4 ) = [  120  120   3.810e-04   9.071 ];
data_hemm_blis(  4, 1:4 ) = [  160  160   8.730e-04   9.384 ];
data_hemm_blis(  5, 1:4 ) = [  200  200   1.663e-03   9.621 ];
data_hemm_blis(  6, 1:4 ) = [  240  240   2.880e-03   9.600 ];
data_hemm_blis(  7, 1:4 ) = [  280  280   4.713e-03   9.316 ];
data_hemm_blis(  8, 1:4 ) = [  320  320   7.058e-03   9.285 ];
data_hemm_blis(  9, 1:4 ) = [  360  360   1.005e-02   9.285 ];
data_hemm_blis( 10, 1:4 ) = [  400  400   1.373e-02   9.322 ];
data_hemm_blis( 11, 1:4 ) = [  440  440   1.820e-02   9.360 ];
data_hemm_blis( 12, 1:4 ) = [  480  480   2.352e-02   9.404 ];
data_hemm_blis( 13, 1:4 ) = [  520  520   3.014e-02   9.329 ];
data_hemm_blis( 14, 1:4 ) = [  560  560   3.734e-02   9.406 ];
data_hemm_blis( 15, 1:4 ) = [  600  600   4.575e-02   9.443 ];
data_hemm_blis( 16, 1:4 ) = [  640  640   5.531e-02   9.480 ];
data_hemm_blis( 17, 1:4 ) = [  680  680   6.655e-02   9.449 ];
data_hemm_blis( 18, 1:4 ) = [  720  720   7.879e-02   9.475 ];
data_hemm_blis( 19, 1:4 ) = [  760  760   9.278e-02   9.463 ];
data_hemm_blis( 20, 1:4 ) = [  800  800   1.083e-01   9.456 ];
data_hemm_blis( 21, 1:4 ) = [  840  840   1.261e-01   9.402 ];
data_hemm_blis( 22, 1:4 ) = [  880  880   1.458e-01   9.349 ];
data_hemm_blis( 23, 1:4 ) = [  920  920   1.662e-01   9.373 ];
data_hemm_blis( 24, 1:4 ) = [  960  960   1.879e-01   9.415 ];
data_hemm_blis( 25, 1:4 ) = [ 1000 1000   2.121e-01   9.429 ];
data_hemm_blis( 26, 1:4 ) = [ 1040 1040   2.383e-01   9.440 ];
data_hemm_blis( 27, 1:4 ) = [ 1080 1080   2.662e-01   9.464 ];
data_hemm_blis( 28, 1:4 ) = [ 1120 1120   2.958e-01   9.500 ];
data_hemm_blis( 29, 1:4 ) = [ 1160 1160   3.289e-01   9.493 ];
data_hemm_blis( 30, 1:4 ) = [ 1200 1200   3.639e-01   9.498 ];
data_hemm_blis( 31, 1:4 ) = [ 1240 1240   4.021e-01   9.482 ];
data_hemm_blis( 32, 1:4 ) = [ 1280 1280   4.449e-01   9.427 ];
data_hemm_blis( 33, 1:4 ) = [ 1320 1320   4.852e-01   9.480 ];
data_hemm_blis( 34, 1:4 ) = [ 1360 1360   5.293e-01   9.505 ];
data_hemm_blis( 35, 1:4 ) = [ 1400 1400   5.763e-01   9.523 ];
data_hemm_blis( 36, 1:4 ) = [ 1440 1440   6.265e-01   9.533 ];
data_hemm_blis( 37, 1:4 ) = [ 1480 1480   6.797e-01   9.539 ];
data_hemm_blis( 38, 1:4 ) = [ 1520 1520   7.361e-01   9.542 ];
data_hemm_blis( 39, 1:4 ) = [ 1560 1560   7.957e-01   9.542 ];
data_hemm_blis( 40, 1:4 ) = [ 1600 1600   8.583e-01   9.544 ];
data_hemm_blis( 41, 1:4 ) = [ 1640 1640   9.295e-01   9.491 ];
data_hemm_blis( 42, 1:4 ) = [ 1680 1680   9.969e-01   9.513 ];
data_hemm_blis( 43, 1:4 ) = [ 1720 1720   1.069e+00   9.523 ];
data_hemm_blis( 44, 1:4 ) = [ 1760 1760   1.142e+00   9.546 ];
data_hemm_blis( 45, 1:4 ) = [ 1800 1800   1.223e+00   9.534 ];
data_hemm_blis( 46, 1:4 ) = [ 1840 1840   1.306e+00   9.543 ];
data_hemm_blis( 47, 1:4 ) = [ 1880 1880   1.394e+00   9.534 ];
data_hemm_blis( 48, 1:4 ) = [ 1920 1920   1.482e+00   9.553 ];
data_hemm_blis( 49, 1:4 ) = [ 1960 1960   1.581e+00   9.523 ];
data_hemm_blis( 50, 1:4 ) = [ 2000 2000   1.681e+00   9.516 ];
