data_hemv_mkl(  1, 1:3 ) = [   40   1.000e-06   3.200 ];
data_hemv_mkl(  2, 1:3 ) = [   80   3.000e-06   4.267 ];
data_hemv_mkl(  3, 1:3 ) = [  120   6.000e-06   4.800 ];
data_hemv_mkl(  4, 1:3 ) = [  160   1.000e-05   5.120 ];
data_hemv_mkl(  5, 1:3 ) = [  200   1.500e-05   5.333 ];
data_hemv_mkl(  6, 1:3 ) = [  240   2.200e-05   5.236 ];
data_hemv_mkl(  7, 1:3 ) = [  280   2.900e-05   5.407 ];
data_hemv_mkl(  8, 1:3 ) = [  320   3.800e-05   5.389 ];
data_hemv_mkl(  9, 1:3 ) = [  360   4.700e-05   5.515 ];
data_hemv_mkl( 10, 1:3 ) = [  400   5.800e-05   5.517 ];
data_hemv_mkl( 11, 1:3 ) = [  440   7.000e-05   5.531 ];
data_hemv_mkl( 12, 1:3 ) = [  480   8.300e-05   5.552 ];
data_hemv_mkl( 13, 1:3 ) = [  520   9.700e-05   5.575 ];
data_hemv_mkl( 14, 1:3 ) = [  560   1.130e-04   5.550 ];
data_hemv_mkl( 15, 1:3 ) = [  600   1.300e-04   5.538 ];
data_hemv_mkl( 16, 1:3 ) = [  640   1.520e-04   5.389 ];
data_hemv_mkl( 17, 1:3 ) = [  680   1.730e-04   5.346 ];
data_hemv_mkl( 18, 1:3 ) = [  720   1.950e-04   5.317 ];
data_hemv_mkl( 19, 1:3 ) = [  760   2.210e-04   5.227 ];
data_hemv_mkl( 20, 1:3 ) = [  800   2.500e-04   5.120 ];
data_hemv_mkl( 21, 1:3 ) = [  840   2.830e-04   4.987 ];
data_hemv_mkl( 22, 1:3 ) = [  880   3.260e-04   4.751 ];
data_hemv_mkl( 23, 1:3 ) = [  920   3.610e-04   4.689 ];
data_hemv_mkl( 24, 1:3 ) = [  960   4.030e-04   4.574 ];
data_hemv_mkl( 25, 1:3 ) = [ 1000   4.580e-04   4.367 ];
data_hemv_mkl( 26, 1:3 ) = [ 1040   4.990e-04   4.335 ];
data_hemv_mkl( 27, 1:3 ) = [ 1080   5.390e-04   4.328 ];
data_hemv_mkl( 28, 1:3 ) = [ 1120   5.840e-04   4.296 ];
data_hemv_mkl( 29, 1:3 ) = [ 1160   6.270e-04   4.292 ];
data_hemv_mkl( 30, 1:3 ) = [ 1200   7.070e-04   4.074 ];
data_hemv_mkl( 31, 1:3 ) = [ 1240   7.100e-04   4.331 ];
data_hemv_mkl( 32, 1:3 ) = [ 1280   8.030e-04   4.081 ];
data_hemv_mkl( 33, 1:3 ) = [ 1320   8.400e-04   4.149 ];
data_hemv_mkl( 34, 1:3 ) = [ 1360   9.190e-04   4.025 ];
data_hemv_mkl( 35, 1:3 ) = [ 1400   9.660e-04   4.058 ];
data_hemv_mkl( 36, 1:3 ) = [ 1440   1.031e-03   4.023 ];
data_hemv_mkl( 37, 1:3 ) = [ 1480   1.123e-03   3.901 ];
data_hemv_mkl( 38, 1:3 ) = [ 1520   1.233e-03   3.748 ];
data_hemv_mkl( 39, 1:3 ) = [ 1560   1.298e-03   3.750 ];
data_hemv_mkl( 40, 1:3 ) = [ 1600   1.481e-03   3.457 ];
data_hemv_mkl( 41, 1:3 ) = [ 1640   1.608e-03   3.345 ];
data_hemv_mkl( 42, 1:3 ) = [ 1680   1.793e-03   3.148 ];
data_hemv_mkl( 43, 1:3 ) = [ 1720   2.001e-03   2.957 ];
data_hemv_mkl( 44, 1:3 ) = [ 1760   2.243e-03   2.762 ];
data_hemv_mkl( 45, 1:3 ) = [ 1800   2.550e-03   2.541 ];
data_hemv_mkl( 46, 1:3 ) = [ 1840   2.848e-03   2.378 ];
data_hemv_mkl( 47, 1:3 ) = [ 1880   3.315e-03   2.132 ];
data_hemv_mkl( 48, 1:3 ) = [ 1920   3.757e-03   1.962 ];
data_hemv_mkl( 49, 1:3 ) = [ 1960   4.274e-03   1.798 ];
data_hemv_mkl( 50, 1:3 ) = [ 2000   4.994e-03   1.602 ];
