data_hemv_openblas(  1, 1:3 ) = [   40   3.552e-06   0.901 ];
data_hemv_openblas(  2, 1:3 ) = [   80   5.313e-06   2.409 ];
data_hemv_openblas(  3, 1:3 ) = [  120   6.468e-06   4.453 ];
data_hemv_openblas(  4, 1:3 ) = [  160   8.713e-06   5.876 ];
data_hemv_openblas(  5, 1:3 ) = [  200   6.930e-06  11.544 ];
data_hemv_openblas(  6, 1:3 ) = [  240   8.452e-06  13.630 ];
data_hemv_openblas(  7, 1:3 ) = [  280   9.927e-06  15.795 ];
data_hemv_openblas(  8, 1:3 ) = [  320   1.264e-05  16.206 ];
data_hemv_openblas(  9, 1:3 ) = [  360   1.510e-05  17.160 ];
data_hemv_openblas( 10, 1:3 ) = [  400   1.723e-05  18.577 ];
data_hemv_openblas( 11, 1:3 ) = [  440   2.066e-05  18.744 ];
data_hemv_openblas( 12, 1:3 ) = [  480   2.392e-05  19.263 ];
data_hemv_openblas( 13, 1:3 ) = [  520   2.702e-05  20.017 ];
data_hemv_openblas( 14, 1:3 ) = [  560   3.181e-05  19.719 ];
data_hemv_openblas( 15, 1:3 ) = [  600   3.570e-05  20.170 ];
data_hemv_openblas( 16, 1:3 ) = [  640   3.971e-05  20.629 ];
data_hemv_openblas( 17, 1:3 ) = [  680   4.702e-05  19.667 ];
data_hemv_openblas( 18, 1:3 ) = [  720   4.848e-05  21.385 ];
data_hemv_openblas( 19, 1:3 ) = [  760   5.332e-05  21.665 ];
data_hemv_openblas( 20, 1:3 ) = [  800   6.006e-05  21.312 ];
data_hemv_openblas( 21, 1:3 ) = [  840   6.410e-05  22.015 ];
data_hemv_openblas( 22, 1:3 ) = [  880   7.160e-05  21.632 ];
data_hemv_openblas( 23, 1:3 ) = [  920   7.511e-05  22.538 ];
data_hemv_openblas( 24, 1:3 ) = [  960   8.261e-05  22.311 ];
data_hemv_openblas( 25, 1:3 ) = [ 1000   8.940e-05  22.372 ];
data_hemv_openblas( 26, 1:3 ) = [ 1040   1.108e-04  19.527 ];
data_hemv_openblas( 27, 1:3 ) = [ 1080   1.029e-04  22.680 ];
data_hemv_openblas( 28, 1:3 ) = [ 1120   1.171e-04  21.428 ];
data_hemv_openblas( 29, 1:3 ) = [ 1160   1.256e-04  21.421 ];
data_hemv_openblas( 30, 1:3 ) = [ 1200   1.373e-04  20.971 ];
data_hemv_openblas( 31, 1:3 ) = [ 1240   1.576e-04  19.513 ];
data_hemv_openblas( 32, 1:3 ) = [ 1280   1.744e-04  18.794 ];
data_hemv_openblas( 33, 1:3 ) = [ 1320   1.920e-04  18.147 ];
data_hemv_openblas( 34, 1:3 ) = [ 1360   2.209e-04  16.744 ];
data_hemv_openblas( 35, 1:3 ) = [ 1400   2.739e-04  14.312 ];
data_hemv_openblas( 36, 1:3 ) = [ 1440   3.820e-04  10.857 ];
data_hemv_openblas( 37, 1:3 ) = [ 1480   4.707e-04   9.306 ];
data_hemv_openblas( 38, 1:3 ) = [ 1520   5.191e-04   8.902 ];
data_hemv_openblas( 39, 1:3 ) = [ 1560   6.183e-04   7.871 ];
data_hemv_openblas( 40, 1:3 ) = [ 1600   6.618e-04   7.737 ];
data_hemv_openblas( 41, 1:3 ) = [ 1640   7.343e-04   7.325 ];
data_hemv_openblas( 42, 1:3 ) = [ 1680   7.533e-04   7.494 ];
data_hemv_openblas( 43, 1:3 ) = [ 1720   8.361e-04   7.077 ];
data_hemv_openblas( 44, 1:3 ) = [ 1760   8.908e-04   6.954 ];
data_hemv_openblas( 45, 1:3 ) = [ 1800   9.301e-04   6.967 ];
data_hemv_openblas( 46, 1:3 ) = [ 1840   9.638e-04   7.025 ];
data_hemv_openblas( 47, 1:3 ) = [ 1880   9.998e-04   7.070 ];
data_hemv_openblas( 48, 1:3 ) = [ 1920   1.078e-03   6.840 ];
data_hemv_openblas( 49, 1:3 ) = [ 1960   1.131e-03   6.796 ];
data_hemv_openblas( 50, 1:3 ) = [ 2000   1.187e-03   6.740 ];
