data_her2_blis(  1, 1:3 ) = [   40   2.000e-06   1.600 ];
data_her2_blis(  2, 1:3 ) = [   80   5.000e-06   2.560 ];
data_her2_blis(  3, 1:3 ) = [  120   9.000e-06   3.200 ];
data_her2_blis(  4, 1:3 ) = [  160   1.500e-05   3.413 ];
data_her2_blis(  5, 1:3 ) = [  200   2.300e-05   3.478 ];
data_her2_blis(  6, 1:3 ) = [  240   3.000e-05   3.840 ];
data_her2_blis(  7, 1:3 ) = [  280   4.100e-05   3.824 ];
data_her2_blis(  8, 1:3 ) = [  320   5.000e-05   4.096 ];
data_her2_blis(  9, 1:3 ) = [  360   6.700e-05   3.869 ];
data_her2_blis( 10, 1:3 ) = [  400   9.400e-05   3.404 ];
data_her2_blis( 11, 1:3 ) = [  440   1.440e-04   2.689 ];
data_her2_blis( 12, 1:3 ) = [  480   2.080e-04   2.215 ];
data_her2_blis( 13, 1:3 ) = [  520   3.000e-04   1.803 ];
data_her2_blis( 14, 1:3 ) = [  560   3.900e-04   1.608 ];
data_her2_blis( 15, 1:3 ) = [  600   5.030e-04   1.431 ];
data_her2_blis( 16, 1:3 ) = [  640   6.170e-04   1.328 ];
data_her2_blis( 17, 1:3 ) = [  680   7.280e-04   1.270 ];
data_her2_blis( 18, 1:3 ) = [  720   8.330e-04   1.245 ];
data_her2_blis( 19, 1:3 ) = [  760   9.460e-04   1.221 ];
data_her2_blis( 20, 1:3 ) = [  800   1.062e-03   1.205 ];
data_her2_blis( 21, 1:3 ) = [  840   1.188e-03   1.188 ];
data_her2_blis( 22, 1:3 ) = [  880   1.318e-03   1.175 ];
data_her2_blis( 23, 1:3 ) = [  920   1.457e-03   1.162 ];
data_her2_blis( 24, 1:3 ) = [  960   1.597e-03   1.154 ];
data_her2_blis( 25, 1:3 ) = [ 1000   1.761e-03   1.136 ];
data_her2_blis( 26, 1:3 ) = [ 1040   1.922e-03   1.125 ];
data_her2_blis( 27, 1:3 ) = [ 1080   2.117e-03   1.102 ];
data_her2_blis( 28, 1:3 ) = [ 1120   2.309e-03   1.087 ];
data_her2_blis( 29, 1:3 ) = [ 1160   2.534e-03   1.062 ];
data_her2_blis( 30, 1:3 ) = [ 1200   2.760e-03   1.043 ];
data_her2_blis( 31, 1:3 ) = [ 1240   3.006e-03   1.023 ];
data_her2_blis( 32, 1:3 ) = [ 1280   3.311e-03   0.990 ];
data_her2_blis( 33, 1:3 ) = [ 1320   3.531e-03   0.987 ];
data_her2_blis( 34, 1:3 ) = [ 1360   3.838e-03   0.964 ];
data_her2_blis( 35, 1:3 ) = [ 1400   4.109e-03   0.954 ];
data_her2_blis( 36, 1:3 ) = [ 1440   4.444e-03   0.933 ];
data_her2_blis( 37, 1:3 ) = [ 1480   4.720e-03   0.928 ];
data_her2_blis( 38, 1:3 ) = [ 1520   5.033e-03   0.918 ];
data_her2_blis( 39, 1:3 ) = [ 1560   5.346e-03   0.910 ];
data_her2_blis( 40, 1:3 ) = [ 1600   5.650e-03   0.906 ];
data_her2_blis( 41, 1:3 ) = [ 1640   5.975e-03   0.900 ];
data_her2_blis( 42, 1:3 ) = [ 1680   6.289e-03   0.898 ];
data_her2_blis( 43, 1:3 ) = [ 1720   6.633e-03   0.892 ];
data_her2_blis( 44, 1:3 ) = [ 1760   6.954e-03   0.891 ];
data_her2_blis( 45, 1:3 ) = [ 1800   7.299e-03   0.888 ];
data_her2_blis( 46, 1:3 ) = [ 1840   7.621e-03   0.888 ];
data_her2_blis( 47, 1:3 ) = [ 1880   7.952e-03   0.889 ];
data_her2_blis( 48, 1:3 ) = [ 1920   8.306e-03   0.888 ];
data_her2_blis( 49, 1:3 ) = [ 1960   8.681e-03   0.885 ];
data_her2_blis( 50, 1:3 ) = [ 2000   9.034e-03   0.886 ];
