data_her2k_openblas(  1, 1:4 ) = [  200  200   1.282e-03  12.484 ];
data_her2k_openblas(  2, 1:4 ) = [  400  400   6.159e-03  20.781 ];
data_her2k_openblas(  3, 1:4 ) = [  600  600   1.854e-02  23.298 ];
data_her2k_openblas(  4, 1:4 ) = [  800  800   4.074e-02  25.133 ];
data_her2k_openblas(  5, 1:4 ) = [ 1000 1000   7.787e-02  25.684 ];
data_her2k_openblas(  6, 1:4 ) = [ 1200 1200   1.301e-01  26.569 ];
data_her2k_openblas(  7, 1:4 ) = [ 1400 1400   2.074e-01  26.459 ];
data_her2k_openblas(  8, 1:4 ) = [ 1600 1600   2.983e-01  27.466 ];
data_her2k_openblas(  9, 1:4 ) = [ 1800 1800   4.314e-01  27.036 ];
data_her2k_openblas( 10, 1:4 ) = [ 2000 2000   6.077e-01  26.329 ];
