data_her2_openblas(  1, 1:3 ) = [   40   3.163e-06   1.012 ];
data_her2_openblas(  2, 1:3 ) = [   80   7.643e-06   1.675 ];
data_her2_openblas(  3, 1:3 ) = [  120   6.751e-06   4.266 ];
data_her2_openblas(  4, 1:3 ) = [  160   1.445e-05   3.543 ];
data_her2_openblas(  5, 1:3 ) = [  200   2.197e-05   3.641 ];
data_her2_openblas(  6, 1:3 ) = [  240   3.060e-05   3.764 ];
data_her2_openblas(  7, 1:3 ) = [  280   3.396e-05   4.618 ];
data_her2_openblas(  8, 1:3 ) = [  320   4.811e-05   4.257 ];
data_her2_openblas(  9, 1:3 ) = [  360   3.513e-05   7.379 ];
data_her2_openblas( 10, 1:3 ) = [  400   3.756e-05   8.519 ];
data_her2_openblas( 11, 1:3 ) = [  440   5.086e-05   7.613 ];
data_her2_openblas( 12, 1:3 ) = [  480   3.843e-05  11.990 ];
data_her2_openblas( 13, 1:3 ) = [  520   4.593e-05  11.775 ];
data_her2_openblas( 14, 1:3 ) = [  560   5.613e-05  11.175 ];
data_her2_openblas( 15, 1:3 ) = [  600   6.422e-05  11.211 ];
data_her2_openblas( 16, 1:3 ) = [  640   7.937e-05  10.321 ];
data_her2_openblas( 17, 1:3 ) = [  680   9.234e-05  10.015 ];
data_her2_openblas( 18, 1:3 ) = [  720   1.077e-04   9.626 ];
data_her2_openblas( 19, 1:3 ) = [  760   1.344e-04   8.592 ];
data_her2_openblas( 20, 1:3 ) = [  800   1.619e-04   7.907 ];
data_her2_openblas( 21, 1:3 ) = [  840   1.897e-04   7.439 ];
data_her2_openblas( 22, 1:3 ) = [  880   2.063e-04   7.508 ];
data_her2_openblas( 23, 1:3 ) = [  920   2.498e-04   6.778 ];
data_her2_openblas( 24, 1:3 ) = [  960   3.065e-04   6.014 ];
data_her2_openblas( 25, 1:3 ) = [ 1000   3.425e-04   5.840 ];
data_her2_openblas( 26, 1:3 ) = [ 1040   3.867e-04   5.594 ];
data_her2_openblas( 27, 1:3 ) = [ 1080   4.146e-04   5.627 ];
data_her2_openblas( 28, 1:3 ) = [ 1120   4.553e-04   5.510 ];
data_her2_openblas( 29, 1:3 ) = [ 1160   4.899e-04   5.493 ];
data_her2_openblas( 30, 1:3 ) = [ 1200   5.321e-04   5.412 ];
data_her2_openblas( 31, 1:3 ) = [ 1240   5.554e-04   5.537 ];
data_her2_openblas( 32, 1:3 ) = [ 1280   6.100e-04   5.371 ];
data_her2_openblas( 33, 1:3 ) = [ 1320   6.831e-04   5.101 ];
data_her2_openblas( 34, 1:3 ) = [ 1360   7.479e-04   4.946 ];
data_her2_openblas( 35, 1:3 ) = [ 1400   7.791e-04   5.031 ];
data_her2_openblas( 36, 1:3 ) = [ 1440   8.727e-04   4.752 ];
data_her2_openblas( 37, 1:3 ) = [ 1480   9.131e-04   4.798 ];
data_her2_openblas( 38, 1:3 ) = [ 1520   9.891e-04   4.672 ];
data_her2_openblas( 39, 1:3 ) = [ 1560   1.022e-03   4.762 ];
data_her2_openblas( 40, 1:3 ) = [ 1600   1.056e-03   4.851 ];
data_her2_openblas( 41, 1:3 ) = [ 1640   1.142e-03   4.709 ];
data_her2_openblas( 42, 1:3 ) = [ 1680   1.202e-03   4.695 ];
data_her2_openblas( 43, 1:3 ) = [ 1720   1.276e-03   4.638 ];
data_her2_openblas( 44, 1:3 ) = [ 1760   1.343e-03   4.615 ];
data_her2_openblas( 45, 1:3 ) = [ 1800   1.429e-03   4.536 ];
data_her2_openblas( 46, 1:3 ) = [ 1840   1.487e-03   4.555 ];
data_her2_openblas( 47, 1:3 ) = [ 1880   1.532e-03   4.615 ];
data_her2_openblas( 48, 1:3 ) = [ 1920   1.619e-03   4.555 ];
data_her2_openblas( 49, 1:3 ) = [ 1960   1.673e-03   4.591 ];
data_her2_openblas( 50, 1:3 ) = [ 2000   1.774e-03   4.510 ];
