data_her2k_atlas(  1, 1:4 ) = [  200  200   2.309e-03   6.930 ];
data_her2k_atlas(  2, 1:4 ) = [  400  400   1.327e-02   9.645 ];
data_her2k_atlas(  3, 1:4 ) = [  600  600   4.452e-02   9.703 ];
data_her2k_atlas(  4, 1:4 ) = [  800  800   1.029e-01   9.953 ];
data_her2k_atlas(  5, 1:4 ) = [ 1000 1000   1.999e-01  10.003 ];
data_her2k_atlas(  6, 1:4 ) = [ 1200 1200   3.434e-01  10.064 ];
data_her2k_atlas(  7, 1:4 ) = [ 1400 1400   5.378e-01  10.204 ];
data_her2k_atlas(  8, 1:4 ) = [ 1600 1600   8.165e-01  10.033 ];
data_her2k_atlas(  9, 1:4 ) = [ 1800 1800   1.146e+00  10.175 ];
data_her2k_atlas( 10, 1:4 ) = [ 2000 2000   1.565e+00  10.227 ];
