data_her2k_blis(  1, 1:4 ) = [  200  200   9.019e-03   1.774 ];
data_her2k_blis(  2, 1:4 ) = [  400  400   7.096e-02   1.804 ];
data_her2k_blis(  3, 1:4 ) = [  600  600   2.388e-01   1.809 ];
data_her2k_blis(  4, 1:4 ) = [  800  800   5.641e-01   1.815 ];
data_her2k_blis(  5, 1:4 ) = [ 1000 1000   1.095e+00   1.826 ];
data_her2k_blis(  6, 1:4 ) = [ 1200 1200   1.891e+00   1.827 ];
data_her2k_blis(  7, 1:4 ) = [ 1400 1400   3.000e+00   1.830 ];
data_her2k_blis(  8, 1:4 ) = [ 1600 1600   4.478e+00   1.830 ];
data_her2k_blis(  9, 1:4 ) = [ 1800 1800   6.373e+00   1.830 ];
data_her2k_blis( 10, 1:4 ) = [ 2000 2000   8.723e+00   1.834 ];
