data_her2_blis(  1, 1:3 ) = [   40   5.483e-06   0.584 ];
data_her2_blis(  2, 1:3 ) = [   80   1.597e-05   0.801 ];
data_her2_blis(  3, 1:3 ) = [  120   3.275e-05   0.879 ];
data_her2_blis(  4, 1:3 ) = [  160   5.586e-05   0.917 ];
data_her2_blis(  5, 1:3 ) = [  200   8.506e-05   0.941 ];
data_her2_blis(  6, 1:3 ) = [  240   1.217e-04   0.947 ];
data_her2_blis(  7, 1:3 ) = [  280   1.616e-04   0.970 ];
data_her2_blis(  8, 1:3 ) = [  320   1.331e-04   1.539 ];
data_her2_blis(  9, 1:3 ) = [  360   1.673e-04   1.550 ];
data_her2_blis( 10, 1:3 ) = [  400   2.055e-04   1.557 ];
data_her2_blis( 11, 1:3 ) = [  440   2.059e-04   1.881 ];
data_her2_blis( 12, 1:3 ) = [  480   2.446e-04   1.884 ];
data_her2_blis( 13, 1:3 ) = [  520   2.879e-04   1.878 ];
data_her2_blis( 14, 1:3 ) = [  560   3.332e-04   1.882 ];
data_her2_blis( 15, 1:3 ) = [  600   3.815e-04   1.887 ];
data_her2_blis( 16, 1:3 ) = [  640   4.370e-04   1.874 ];
data_her2_blis( 17, 1:3 ) = [  680   4.902e-04   1.887 ];
data_her2_blis( 18, 1:3 ) = [  720   5.569e-04   1.862 ];
data_her2_blis( 19, 1:3 ) = [  760   6.288e-04   1.837 ];
data_her2_blis( 20, 1:3 ) = [  800   7.097e-04   1.804 ];
data_her2_blis( 21, 1:3 ) = [  840   8.014e-04   1.761 ];
data_her2_blis( 22, 1:3 ) = [  880   8.719e-04   1.776 ];
data_her2_blis( 23, 1:3 ) = [  920   9.698e-04   1.745 ];
data_her2_blis( 24, 1:3 ) = [  960   1.083e-03   1.702 ];
data_her2_blis( 25, 1:3 ) = [ 1000   1.167e-03   1.714 ];
data_her2_blis( 26, 1:3 ) = [ 1040   1.283e-03   1.686 ];
data_her2_blis( 27, 1:3 ) = [ 1080   1.374e-03   1.698 ];
data_her2_blis( 28, 1:3 ) = [ 1120   1.470e-03   1.707 ];
data_her2_blis( 29, 1:3 ) = [ 1160   1.580e-03   1.703 ];
data_her2_blis( 30, 1:3 ) = [ 1200   1.703e-03   1.691 ];
data_her2_blis( 31, 1:3 ) = [ 1240   1.813e-03   1.696 ];
data_her2_blis( 32, 1:3 ) = [ 1280   1.964e-03   1.669 ];
data_her2_blis( 33, 1:3 ) = [ 1320   2.054e-03   1.697 ];
data_her2_blis( 34, 1:3 ) = [ 1360   2.166e-03   1.707 ];
data_her2_blis( 35, 1:3 ) = [ 1400   2.297e-03   1.706 ];
data_her2_blis( 36, 1:3 ) = [ 1440   2.437e-03   1.702 ];
data_her2_blis( 37, 1:3 ) = [ 1480   2.565e-03   1.708 ];
data_her2_blis( 38, 1:3 ) = [ 1520   2.692e-03   1.717 ];
data_her2_blis( 39, 1:3 ) = [ 1560   2.818e-03   1.727 ];
data_her2_blis( 40, 1:3 ) = [ 1600   3.000e-03   1.707 ];
data_her2_blis( 41, 1:3 ) = [ 1640   3.158e-03   1.703 ];
data_her2_blis( 42, 1:3 ) = [ 1680   3.264e-03   1.729 ];
data_her2_blis( 43, 1:3 ) = [ 1720   3.434e-03   1.723 ];
data_her2_blis( 44, 1:3 ) = [ 1760   3.606e-03   1.718 ];
data_her2_blis( 45, 1:3 ) = [ 1800   3.758e-03   1.724 ];
data_her2_blis( 46, 1:3 ) = [ 1840   3.921e-03   1.727 ];
data_her2_blis( 47, 1:3 ) = [ 1880   4.118e-03   1.717 ];
data_her2_blis( 48, 1:3 ) = [ 1920   4.297e-03   1.716 ];
data_her2_blis( 49, 1:3 ) = [ 1960   4.448e-03   1.727 ];
data_her2_blis( 50, 1:3 ) = [ 2000   4.647e-03   1.721 ];
