data_her_openblas(  1, 1:3 ) = [   40   2.021e-06   0.792 ];
data_her_openblas(  2, 1:3 ) = [   80   3.935e-06   1.626 ];
data_her_openblas(  3, 1:3 ) = [  120   5.204e-06   2.767 ];
data_her_openblas(  4, 1:3 ) = [  160   9.214e-06   2.778 ];
data_her_openblas(  5, 1:3 ) = [  200   1.450e-05   2.759 ];
data_her_openblas(  6, 1:3 ) = [  240   2.055e-05   2.803 ];
data_her_openblas(  7, 1:3 ) = [  280   2.171e-05   3.612 ];
data_her_openblas(  8, 1:3 ) = [  320   2.169e-05   4.721 ];
data_her_openblas(  9, 1:3 ) = [  360   1.584e-05   8.180 ];
data_her_openblas( 10, 1:3 ) = [  400   2.069e-05   7.732 ];
data_her_openblas( 11, 1:3 ) = [  440   2.289e-05   8.460 ];
data_her_openblas( 12, 1:3 ) = [  480   3.007e-05   7.663 ];
data_her_openblas( 13, 1:3 ) = [  520   3.754e-05   7.203 ];
data_her_openblas( 14, 1:3 ) = [  560   4.183e-05   7.497 ];
data_her_openblas( 15, 1:3 ) = [  600   5.126e-05   7.022 ];
data_her_openblas( 16, 1:3 ) = [  640   6.639e-05   6.170 ];
data_her_openblas( 17, 1:3 ) = [  680   7.892e-05   5.859 ];
data_her_openblas( 18, 1:3 ) = [  720   9.798e-05   5.291 ];
data_her_openblas( 19, 1:3 ) = [  760   1.267e-04   4.559 ];
data_her_openblas( 20, 1:3 ) = [  800   1.415e-04   4.523 ];
data_her_openblas( 21, 1:3 ) = [  840   1.661e-04   4.249 ];
data_her_openblas( 22, 1:3 ) = [  880   1.961e-04   3.949 ];
data_her_openblas( 23, 1:3 ) = [  920   2.312e-04   3.660 ];
data_her_openblas( 24, 1:3 ) = [  960   2.831e-04   3.255 ];
data_her_openblas( 25, 1:3 ) = [ 1000   3.353e-04   2.982 ];
data_her_openblas( 26, 1:3 ) = [ 1040   3.723e-04   2.905 ];
data_her_openblas( 27, 1:3 ) = [ 1080   4.096e-04   2.847 ];
data_her_openblas( 28, 1:3 ) = [ 1120   4.450e-04   2.819 ];
data_her_openblas( 29, 1:3 ) = [ 1160   4.947e-04   2.720 ];
data_her_openblas( 30, 1:3 ) = [ 1200   5.063e-04   2.844 ];
data_her_openblas( 31, 1:3 ) = [ 1240   5.547e-04   2.772 ];
data_her_openblas( 32, 1:3 ) = [ 1280   5.963e-04   2.748 ];
data_her_openblas( 33, 1:3 ) = [ 1320   6.736e-04   2.587 ];
data_her_openblas( 34, 1:3 ) = [ 1360   6.955e-04   2.659 ];
data_her_openblas( 35, 1:3 ) = [ 1400   7.609e-04   2.576 ];
data_her_openblas( 36, 1:3 ) = [ 1440   8.174e-04   2.537 ];
data_her_openblas( 37, 1:3 ) = [ 1480   8.829e-04   2.481 ];
data_her_openblas( 38, 1:3 ) = [ 1520   9.376e-04   2.464 ];
data_her_openblas( 39, 1:3 ) = [ 1560   1.040e-03   2.340 ];
data_her_openblas( 40, 1:3 ) = [ 1600   1.053e-03   2.432 ];
data_her_openblas( 41, 1:3 ) = [ 1640   1.113e-03   2.417 ];
data_her_openblas( 42, 1:3 ) = [ 1680   1.230e-03   2.295 ];
data_her_openblas( 43, 1:3 ) = [ 1720   1.263e-03   2.343 ];
data_her_openblas( 44, 1:3 ) = [ 1760   1.298e-03   2.386 ];
data_her_openblas( 45, 1:3 ) = [ 1800   1.391e-03   2.329 ];
data_her_openblas( 46, 1:3 ) = [ 1840   1.448e-03   2.338 ];
data_her_openblas( 47, 1:3 ) = [ 1880   1.549e-03   2.282 ];
data_her_openblas( 48, 1:3 ) = [ 1920   1.600e-03   2.304 ];
data_her_openblas( 49, 1:3 ) = [ 1960   1.680e-03   2.286 ];
data_her_openblas( 50, 1:3 ) = [ 2000   1.758e-03   2.276 ];
