data_her_atlas(  1, 1:3 ) = [   40   1.000e-06   1.600 ];
data_her_atlas(  2, 1:3 ) = [   80   5.000e-06   1.280 ];
data_her_atlas(  3, 1:3 ) = [  120   1.000e-05   1.440 ];
data_her_atlas(  4, 1:3 ) = [  160   1.800e-05   1.422 ];
data_her_atlas(  5, 1:3 ) = [  200   2.700e-05   1.481 ];
data_her_atlas(  6, 1:3 ) = [  240   3.800e-05   1.516 ];
data_her_atlas(  7, 1:3 ) = [  280   5.200e-05   1.508 ];
data_her_atlas(  8, 1:3 ) = [  320   6.700e-05   1.528 ];
data_her_atlas(  9, 1:3 ) = [  360   8.800e-05   1.473 ];
data_her_atlas( 10, 1:3 ) = [  400   1.200e-04   1.333 ];
data_her_atlas( 11, 1:3 ) = [  440   1.920e-04   1.008 ];
data_her_atlas( 12, 1:3 ) = [  480   2.520e-04   0.914 ];
data_her_atlas( 13, 1:3 ) = [  520   3.320e-04   0.814 ];
data_her_atlas( 14, 1:3 ) = [  560   4.370e-04   0.718 ];
data_her_atlas( 15, 1:3 ) = [  600   5.250e-04   0.686 ];
data_her_atlas( 16, 1:3 ) = [  640   6.270e-04   0.653 ];
data_her_atlas( 17, 1:3 ) = [  680   7.340e-04   0.630 ];
data_her_atlas( 18, 1:3 ) = [  720   8.350e-04   0.621 ];
data_her_atlas( 19, 1:3 ) = [  760   9.470e-04   0.610 ];
data_her_atlas( 20, 1:3 ) = [  800   1.063e-03   0.602 ];
data_her_atlas( 21, 1:3 ) = [  840   1.184e-03   0.596 ];
data_her_atlas( 22, 1:3 ) = [  880   1.311e-03   0.591 ];
data_her_atlas( 23, 1:3 ) = [  920   1.459e-03   0.580 ];
data_her_atlas( 24, 1:3 ) = [  960   1.614e-03   0.571 ];
data_her_atlas( 25, 1:3 ) = [ 1000   1.772e-03   0.564 ];
data_her_atlas( 26, 1:3 ) = [ 1040   1.956e-03   0.553 ];
data_her_atlas( 27, 1:3 ) = [ 1080   2.130e-03   0.548 ];
data_her_atlas( 28, 1:3 ) = [ 1120   2.372e-03   0.529 ];
data_her_atlas( 29, 1:3 ) = [ 1160   2.603e-03   0.517 ];
data_her_atlas( 30, 1:3 ) = [ 1200   2.856e-03   0.504 ];
data_her_atlas( 31, 1:3 ) = [ 1240   3.112e-03   0.494 ];
data_her_atlas( 32, 1:3 ) = [ 1280   3.429e-03   0.478 ];
data_her_atlas( 33, 1:3 ) = [ 1320   3.685e-03   0.473 ];
data_her_atlas( 34, 1:3 ) = [ 1360   4.002e-03   0.462 ];
data_her_atlas( 35, 1:3 ) = [ 1400   4.291e-03   0.457 ];
data_her_atlas( 36, 1:3 ) = [ 1440   4.633e-03   0.448 ];
data_her_atlas( 37, 1:3 ) = [ 1480   4.919e-03   0.445 ];
data_her_atlas( 38, 1:3 ) = [ 1520   5.239e-03   0.441 ];
data_her_atlas( 39, 1:3 ) = [ 1560   5.563e-03   0.437 ];
data_her_atlas( 40, 1:3 ) = [ 1600   5.895e-03   0.434 ];
data_her_atlas( 41, 1:3 ) = [ 1640   6.211e-03   0.433 ];
data_her_atlas( 42, 1:3 ) = [ 1680   6.562e-03   0.430 ];
data_her_atlas( 43, 1:3 ) = [ 1720   6.889e-03   0.429 ];
data_her_atlas( 44, 1:3 ) = [ 1760   7.250e-03   0.427 ];
data_her_atlas( 45, 1:3 ) = [ 1800   7.589e-03   0.427 ];
data_her_atlas( 46, 1:3 ) = [ 1840   7.946e-03   0.426 ];
data_her_atlas( 47, 1:3 ) = [ 1880   8.291e-03   0.426 ];
data_her_atlas( 48, 1:3 ) = [ 1920   8.657e-03   0.426 ];
data_her_atlas( 49, 1:3 ) = [ 1960   9.012e-03   0.426 ];
data_her_atlas( 50, 1:3 ) = [ 2000   9.400e-03   0.426 ];
