data_her_blis(  1, 1:3 ) = [   40   1.000e-06   1.600 ];
data_her_blis(  2, 1:3 ) = [   80   4.000e-06   1.600 ];
data_her_blis(  3, 1:3 ) = [  120   7.000e-06   2.057 ];
data_her_blis(  4, 1:3 ) = [  160   1.200e-05   2.133 ];
data_her_blis(  5, 1:3 ) = [  200   1.800e-05   2.222 ];
data_her_blis(  6, 1:3 ) = [  240   2.400e-05   2.400 ];
data_her_blis(  7, 1:3 ) = [  280   3.300e-05   2.376 ];
data_her_blis(  8, 1:3 ) = [  320   4.100e-05   2.498 ];
data_her_blis(  9, 1:3 ) = [  360   5.500e-05   2.356 ];
data_her_blis( 10, 1:3 ) = [  400   7.500e-05   2.133 ];
data_her_blis( 11, 1:3 ) = [  440   1.290e-04   1.501 ];
data_her_blis( 12, 1:3 ) = [  480   1.900e-04   1.213 ];
data_her_blis( 13, 1:3 ) = [  520   2.730e-04   0.990 ];
data_her_blis( 14, 1:3 ) = [  560   3.770e-04   0.832 ];
data_her_blis( 15, 1:3 ) = [  600   4.790e-04   0.752 ];
data_her_blis( 16, 1:3 ) = [  640   5.890e-04   0.695 ];
data_her_blis( 17, 1:3 ) = [  680   6.980e-04   0.662 ];
data_her_blis( 18, 1:3 ) = [  720   8.000e-04   0.648 ];
data_her_blis( 19, 1:3 ) = [  760   9.210e-04   0.627 ];
data_her_blis( 20, 1:3 ) = [  800   1.027e-03   0.623 ];
data_her_blis( 21, 1:3 ) = [  840   1.154e-03   0.611 ];
data_her_blis( 22, 1:3 ) = [  880   1.271e-03   0.609 ];
data_her_blis( 23, 1:3 ) = [  920   1.415e-03   0.598 ];
data_her_blis( 24, 1:3 ) = [  960   1.539e-03   0.599 ];
data_her_blis( 25, 1:3 ) = [ 1000   1.703e-03   0.587 ];
data_her_blis( 26, 1:3 ) = [ 1040   1.843e-03   0.587 ];
data_her_blis( 27, 1:3 ) = [ 1080   2.031e-03   0.574 ];
data_her_blis( 28, 1:3 ) = [ 1120   2.228e-03   0.563 ];
data_her_blis( 29, 1:3 ) = [ 1160   2.447e-03   0.550 ];
data_her_blis( 30, 1:3 ) = [ 1200   2.684e-03   0.537 ];
data_her_blis( 31, 1:3 ) = [ 1240   2.907e-03   0.529 ];
data_her_blis( 32, 1:3 ) = [ 1280   3.206e-03   0.511 ];
data_her_blis( 33, 1:3 ) = [ 1320   3.418e-03   0.510 ];
data_her_blis( 34, 1:3 ) = [ 1360   3.696e-03   0.500 ];
data_her_blis( 35, 1:3 ) = [ 1400   3.986e-03   0.492 ];
data_her_blis( 36, 1:3 ) = [ 1440   4.276e-03   0.485 ];
data_her_blis( 37, 1:3 ) = [ 1480   4.563e-03   0.480 ];
data_her_blis( 38, 1:3 ) = [ 1520   4.865e-03   0.475 ];
data_her_blis( 39, 1:3 ) = [ 1560   5.180e-03   0.470 ];
data_her_blis( 40, 1:3 ) = [ 1600   5.476e-03   0.467 ];
data_her_blis( 41, 1:3 ) = [ 1640   5.773e-03   0.466 ];
data_her_blis( 42, 1:3 ) = [ 1680   6.086e-03   0.464 ];
data_her_blis( 43, 1:3 ) = [ 1720   6.389e-03   0.463 ];
data_her_blis( 44, 1:3 ) = [ 1760   6.729e-03   0.460 ];
data_her_blis( 45, 1:3 ) = [ 1800   7.057e-03   0.459 ];
data_her_blis( 46, 1:3 ) = [ 1840   7.373e-03   0.459 ];
data_her_blis( 47, 1:3 ) = [ 1880   7.711e-03   0.458 ];
data_her_blis( 48, 1:3 ) = [ 1920   8.058e-03   0.457 ];
data_her_blis( 49, 1:3 ) = [ 1960   8.406e-03   0.457 ];
data_her_blis( 50, 1:3 ) = [ 2000   8.773e-03   0.456 ];
