data_herk_blis(  1, 1:4 ) = [   40   40   1.500e-05   4.267 ];
data_herk_blis(  2, 1:4 ) = [   80   80   7.400e-05   6.919 ];
data_herk_blis(  3, 1:4 ) = [  120  120   2.140e-04   8.075 ];
data_herk_blis(  4, 1:4 ) = [  160  160   4.990e-04   8.208 ];
data_herk_blis(  5, 1:4 ) = [  200  200   8.950e-04   8.939 ];
data_herk_blis(  6, 1:4 ) = [  240  240   1.575e-03   8.777 ];
data_herk_blis(  7, 1:4 ) = [  280  280   2.529e-03   8.680 ];
data_herk_blis(  8, 1:4 ) = [  320  320   3.804e-03   8.614 ];
data_herk_blis(  9, 1:4 ) = [  360  360   5.428e-03   8.595 ];
data_herk_blis( 10, 1:4 ) = [  400  400   7.431e-03   8.613 ];
data_herk_blis( 11, 1:4 ) = [  440  440   9.854e-03   8.645 ];
data_herk_blis( 12, 1:4 ) = [  480  480   1.273e-02   8.684 ];
data_herk_blis( 13, 1:4 ) = [  520  520   1.596e-02   8.808 ];
data_herk_blis( 14, 1:4 ) = [  560  560   1.973e-02   8.902 ];
data_herk_blis( 15, 1:4 ) = [  600  600   2.415e-02   8.943 ];
data_herk_blis( 16, 1:4 ) = [  640  640   2.906e-02   9.021 ];
data_herk_blis( 17, 1:4 ) = [  680  680   3.503e-02   8.976 ];
data_herk_blis( 18, 1:4 ) = [  720  720   4.123e-02   9.053 ];
data_herk_blis( 19, 1:4 ) = [  760  760   4.868e-02   9.018 ];
data_herk_blis( 20, 1:4 ) = [  800  800   5.689e-02   8.999 ];
data_herk_blis( 21, 1:4 ) = [  840  840   6.649e-02   8.914 ];
data_herk_blis( 22, 1:4 ) = [  880  880   7.639e-02   8.921 ];
data_herk_blis( 23, 1:4 ) = [  920  920   8.710e-02   8.940 ];
data_herk_blis( 24, 1:4 ) = [  960  960   9.812e-02   9.017 ];
data_herk_blis( 25, 1:4 ) = [ 1000 1000   1.107e-01   9.030 ];
data_herk_blis( 26, 1:4 ) = [ 1040 1040   1.241e-01   9.065 ];
data_herk_blis( 27, 1:4 ) = [ 1080 1080   1.385e-01   9.096 ];
data_herk_blis( 28, 1:4 ) = [ 1120 1120   1.537e-01   9.141 ];
data_herk_blis( 29, 1:4 ) = [ 1160 1160   1.707e-01   9.142 ];
data_herk_blis( 30, 1:4 ) = [ 1200 1200   1.892e-01   9.135 ];
data_herk_blis( 31, 1:4 ) = [ 1240 1240   2.093e-01   9.112 ];
data_herk_blis( 32, 1:4 ) = [ 1280 1280   2.299e-01   9.121 ];
data_herk_blis( 33, 1:4 ) = [ 1320 1320   2.511e-01   9.160 ];
data_herk_blis( 34, 1:4 ) = [ 1360 1360   2.736e-01   9.193 ];
data_herk_blis( 35, 1:4 ) = [ 1400 1400   2.978e-01   9.214 ];
data_herk_blis( 36, 1:4 ) = [ 1440 1440   3.230e-01   9.243 ];
data_herk_blis( 37, 1:4 ) = [ 1480 1480   3.506e-01   9.247 ];
data_herk_blis( 38, 1:4 ) = [ 1520 1520   3.797e-01   9.249 ];
data_herk_blis( 39, 1:4 ) = [ 1560 1560   4.102e-01   9.254 ];
data_herk_blis( 40, 1:4 ) = [ 1600 1600   4.428e-01   9.249 ];
data_herk_blis( 41, 1:4 ) = [ 1640 1640   4.784e-01   9.220 ];
data_herk_blis( 42, 1:4 ) = [ 1680 1680   5.127e-01   9.249 ];
data_herk_blis( 43, 1:4 ) = [ 1720 1720   5.499e-01   9.253 ];
data_herk_blis( 44, 1:4 ) = [ 1760 1760   5.862e-01   9.300 ];
data_herk_blis( 45, 1:4 ) = [ 1800 1800   6.279e-01   9.288 ];
data_herk_blis( 46, 1:4 ) = [ 1840 1840   6.698e-01   9.301 ];
data_herk_blis( 47, 1:4 ) = [ 1880 1880   7.146e-01   9.298 ];
data_herk_blis( 48, 1:4 ) = [ 1920 1920   7.590e-01   9.325 ];
data_herk_blis( 49, 1:4 ) = [ 1960 1960   8.104e-01   9.292 ];
data_herk_blis( 50, 1:4 ) = [ 2000 2000   8.619e-01   9.282 ];
