data_herk_blis(  1, 1:4 ) = [  200  200   6.497e-03   1.231 ];
data_herk_blis(  2, 1:4 ) = [  400  400   3.545e-02   1.805 ];
data_herk_blis(  3, 1:4 ) = [  600  600   1.192e-01   1.812 ];
data_herk_blis(  4, 1:4 ) = [  800  800   2.817e-01   1.818 ];
data_herk_blis(  5, 1:4 ) = [ 1000 1000   5.468e-01   1.829 ];
data_herk_blis(  6, 1:4 ) = [ 1200 1200   9.447e-01   1.829 ];
data_herk_blis(  7, 1:4 ) = [ 1400 1400   1.499e+00   1.831 ];
data_herk_blis(  8, 1:4 ) = [ 1600 1600   2.238e+00   1.830 ];
data_herk_blis(  9, 1:4 ) = [ 1800 1800   3.187e+00   1.830 ];
data_herk_blis( 10, 1:4 ) = [ 2000 2000   4.362e+00   1.834 ];
