data_herk_mkl(  1, 1:4 ) = [   40   40   1.600e-05   4.000 ];
data_herk_mkl(  2, 1:4 ) = [   80   80   1.040e-04   4.923 ];
data_herk_mkl(  3, 1:4 ) = [  120  120   2.810e-04   6.149 ];
data_herk_mkl(  4, 1:4 ) = [  160  160   6.070e-04   6.748 ];
data_herk_mkl(  5, 1:4 ) = [  200  200   1.074e-03   7.449 ];
data_herk_mkl(  6, 1:4 ) = [  240  240   1.787e-03   7.736 ];
data_herk_mkl(  7, 1:4 ) = [  280  280   2.742e-03   8.006 ];
data_herk_mkl(  8, 1:4 ) = [  320  320   4.099e-03   7.994 ];
data_herk_mkl(  9, 1:4 ) = [  360  360   5.725e-03   8.150 ];
data_herk_mkl( 10, 1:4 ) = [  400  400   7.827e-03   8.177 ];
data_herk_mkl( 11, 1:4 ) = [  440  440   1.031e-02   8.265 ];
data_herk_mkl( 12, 1:4 ) = [  480  480   1.337e-02   8.271 ];
data_herk_mkl( 13, 1:4 ) = [  520  520   1.731e-02   8.121 ];
data_herk_mkl( 14, 1:4 ) = [  560  560   2.143e-02   8.196 ];
data_herk_mkl( 15, 1:4 ) = [  600  600   2.602e-02   8.301 ];
data_herk_mkl( 16, 1:4 ) = [  640  640   3.125e-02   8.389 ];
data_herk_mkl( 17, 1:4 ) = [  680  680   3.718e-02   8.457 ];
data_herk_mkl( 18, 1:4 ) = [  720  720   4.369e-02   8.542 ];
data_herk_mkl( 19, 1:4 ) = [  760  760   5.115e-02   8.582 ];
data_herk_mkl( 20, 1:4 ) = [  800  800   5.997e-02   8.538 ];
data_herk_mkl( 21, 1:4 ) = [  840  840   6.909e-02   8.578 ];
data_herk_mkl( 22, 1:4 ) = [  880  880   7.887e-02   8.641 ];
data_herk_mkl( 23, 1:4 ) = [  920  920   8.994e-02   8.658 ];
data_herk_mkl( 24, 1:4 ) = [  960  960   1.016e-01   8.712 ];
data_herk_mkl( 25, 1:4 ) = [ 1000 1000   1.148e-01   8.712 ];
data_herk_mkl( 26, 1:4 ) = [ 1040 1040   1.302e-01   8.642 ];
data_herk_mkl( 27, 1:4 ) = [ 1080 1080   1.449e-01   8.696 ];
data_herk_mkl( 28, 1:4 ) = [ 1120 1120   1.613e-01   8.712 ];
data_herk_mkl( 29, 1:4 ) = [ 1160 1160   1.798e-01   8.682 ];
data_herk_mkl( 30, 1:4 ) = [ 1200 1200   1.979e-01   8.730 ];
data_herk_mkl( 31, 1:4 ) = [ 1240 1240   2.174e-01   8.771 ];
data_herk_mkl( 32, 1:4 ) = [ 1280 1280   2.387e-01   8.787 ];
data_herk_mkl( 33, 1:4 ) = [ 1320 1320   2.623e-01   8.769 ];
data_herk_mkl( 34, 1:4 ) = [ 1360 1360   2.858e-01   8.802 ];
data_herk_mkl( 35, 1:4 ) = [ 1400 1400   3.111e-01   8.820 ];
data_herk_mkl( 36, 1:4 ) = [ 1440 1440   3.375e-01   8.846 ];
data_herk_mkl( 37, 1:4 ) = [ 1480 1480   3.664e-01   8.848 ];
data_herk_mkl( 38, 1:4 ) = [ 1520 1520   3.974e-01   8.836 ];
data_herk_mkl( 39, 1:4 ) = [ 1560 1560   4.307e-01   8.814 ];
data_herk_mkl( 40, 1:4 ) = [ 1600 1600   4.628e-01   8.851 ];
data_herk_mkl( 41, 1:4 ) = [ 1640 1640   4.990e-01   8.840 ];
data_herk_mkl( 42, 1:4 ) = [ 1680 1680   5.350e-01   8.862 ];
data_herk_mkl( 43, 1:4 ) = [ 1720 1720   5.727e-01   8.885 ];
data_herk_mkl( 44, 1:4 ) = [ 1760 1760   6.106e-01   8.929 ];
data_herk_mkl( 45, 1:4 ) = [ 1800 1800   6.549e-01   8.906 ];
data_herk_mkl( 46, 1:4 ) = [ 1840 1840   6.977e-01   8.929 ];
data_herk_mkl( 47, 1:4 ) = [ 1880 1880   7.535e-01   8.819 ];
data_herk_mkl( 48, 1:4 ) = [ 1920 1920   7.893e-01   8.967 ];
data_herk_mkl( 49, 1:4 ) = [ 1960 1960   8.377e-01   8.988 ];
data_herk_mkl( 50, 1:4 ) = [ 2000 2000   8.925e-01   8.964 ];
