data_herk_atlas(  1, 1:4 ) = [   40   40   3.200e-05   2.000 ];
data_herk_atlas(  2, 1:4 ) = [   80   80   1.160e-04   4.414 ];
data_herk_atlas(  3, 1:4 ) = [  120  120   2.950e-04   5.858 ];
data_herk_atlas(  4, 1:4 ) = [  160  160   7.540e-04   5.432 ];
data_herk_atlas(  5, 1:4 ) = [  200  200   1.207e-03   6.628 ];
data_herk_atlas(  6, 1:4 ) = [  240  240   1.896e-03   7.291 ];
data_herk_atlas(  7, 1:4 ) = [  280  280   2.882e-03   7.617 ];
data_herk_atlas(  8, 1:4 ) = [  320  320   4.473e-03   7.326 ];
data_herk_atlas(  9, 1:4 ) = [  360  360   6.115e-03   7.630 ];
data_herk_atlas( 10, 1:4 ) = [  400  400   8.235e-03   7.772 ];
data_herk_atlas( 11, 1:4 ) = [  440  440   1.114e-02   7.645 ];
data_herk_atlas( 12, 1:4 ) = [  480  480   1.395e-02   7.928 ];
data_herk_atlas( 13, 1:4 ) = [  520  520   1.736e-02   8.099 ];
data_herk_atlas( 14, 1:4 ) = [  560  560   2.132e-02   8.239 ];
data_herk_atlas( 15, 1:4 ) = [  600  600   2.654e-02   8.139 ];
data_herk_atlas( 16, 1:4 ) = [  640  640   3.189e-02   8.221 ];
data_herk_atlas( 17, 1:4 ) = [  680  680   3.825e-02   8.221 ];
data_herk_atlas( 18, 1:4 ) = [  720  720   4.634e-02   8.055 ];
data_herk_atlas( 19, 1:4 ) = [  760  760   5.451e-02   8.054 ];
data_herk_atlas( 20, 1:4 ) = [  800  800   6.356e-02   8.056 ];
data_herk_atlas( 21, 1:4 ) = [  840  840   7.335e-02   8.080 ];
data_herk_atlas( 22, 1:4 ) = [  880  880   8.460e-02   8.055 ];
data_herk_atlas( 23, 1:4 ) = [  920  920   9.583e-02   8.126 ];
data_herk_atlas( 24, 1:4 ) = [  960  960   1.083e-01   8.173 ];
data_herk_atlas( 25, 1:4 ) = [ 1000 1000   1.223e-01   8.176 ];
data_herk_atlas( 26, 1:4 ) = [ 1040 1040   1.363e-01   8.254 ];
data_herk_atlas( 27, 1:4 ) = [ 1080 1080   1.517e-01   8.305 ];
data_herk_atlas( 28, 1:4 ) = [ 1120 1120   1.676e-01   8.383 ];
data_herk_atlas( 29, 1:4 ) = [ 1160 1160   1.863e-01   8.379 ];
data_herk_atlas( 30, 1:4 ) = [ 1200 1200   2.050e-01   8.430 ];
data_herk_atlas( 31, 1:4 ) = [ 1240 1240   2.252e-01   8.468 ];
data_herk_atlas( 32, 1:4 ) = [ 1280 1280   2.472e-01   8.483 ];
data_herk_atlas( 33, 1:4 ) = [ 1320 1320   2.696e-01   8.531 ];
data_herk_atlas( 34, 1:4 ) = [ 1360 1360   2.934e-01   8.573 ];
data_herk_atlas( 35, 1:4 ) = [ 1400 1400   3.181e-01   8.627 ];
data_herk_atlas( 36, 1:4 ) = [ 1440 1440   3.465e-01   8.618 ];
data_herk_atlas( 37, 1:4 ) = [ 1480 1480   3.747e-01   8.651 ];
data_herk_atlas( 38, 1:4 ) = [ 1520 1520   4.049e-01   8.673 ];
data_herk_atlas( 39, 1:4 ) = [ 1560 1560   4.376e-01   8.675 ];
data_herk_atlas( 40, 1:4 ) = [ 1600 1600   4.698e-01   8.719 ];
data_herk_atlas( 41, 1:4 ) = [ 1640 1640   5.048e-01   8.738 ];
data_herk_atlas( 42, 1:4 ) = [ 1680 1680   5.398e-01   8.784 ];
data_herk_atlas( 43, 1:4 ) = [ 1720 1720   5.802e-01   8.770 ];
data_herk_atlas( 44, 1:4 ) = [ 1760 1760   6.197e-01   8.798 ];
data_herk_atlas( 45, 1:4 ) = [ 1800 1800   6.615e-01   8.816 ];
data_herk_atlas( 46, 1:4 ) = [ 1840 1840   7.059e-01   8.825 ];
data_herk_atlas( 47, 1:4 ) = [ 1880 1880   7.504e-01   8.855 ];
data_herk_atlas( 48, 1:4 ) = [ 1920 1920   7.976e-01   8.874 ];
data_herk_atlas( 49, 1:4 ) = [ 1960 1960   8.447e-01   8.914 ];
data_herk_atlas( 50, 1:4 ) = [ 2000 2000   8.990e-01   8.898 ];
