data_herk_openblas(  1, 1:4 ) = [   40   40   1.100e-05   5.818 ];
data_herk_openblas(  2, 1:4 ) = [   80   80   6.600e-05   7.758 ];
data_herk_openblas(  3, 1:4 ) = [  120  120   2.000e-04   8.640 ];
data_herk_openblas(  4, 1:4 ) = [  160  160   4.500e-04   9.102 ];
data_herk_openblas(  5, 1:4 ) = [  200  200   8.540e-04   9.368 ];
data_herk_openblas(  6, 1:4 ) = [  240  240   1.448e-03   9.547 ];
data_herk_openblas(  7, 1:4 ) = [  280  280   2.304e-03   9.528 ];
data_herk_openblas(  8, 1:4 ) = [  320  320   3.445e-03   9.512 ];
data_herk_openblas(  9, 1:4 ) = [  360  360   4.943e-03   9.439 ];
data_herk_openblas( 10, 1:4 ) = [  400  400   6.697e-03   9.557 ];
data_herk_openblas( 11, 1:4 ) = [  440  440   8.937e-03   9.532 ];
data_herk_openblas( 12, 1:4 ) = [  480  480   1.163e-02   9.509 ];
data_herk_openblas( 13, 1:4 ) = [  520  520   1.516e-02   9.272 ];
data_herk_openblas( 14, 1:4 ) = [  560  560   1.865e-02   9.415 ];
data_herk_openblas( 15, 1:4 ) = [  600  600   2.300e-02   9.393 ];
data_herk_openblas( 16, 1:4 ) = [  640  640   2.783e-02   9.420 ];
data_herk_openblas( 17, 1:4 ) = [  680  680   3.355e-02   9.372 ];
data_herk_openblas( 18, 1:4 ) = [  720  720   3.983e-02   9.370 ];
data_herk_openblas( 19, 1:4 ) = [  760  760   4.685e-02   9.370 ];
data_herk_openblas( 20, 1:4 ) = [  800  800   5.471e-02   9.358 ];
data_herk_openblas( 21, 1:4 ) = [  840  840   6.323e-02   9.374 ];
data_herk_openblas( 22, 1:4 ) = [  880  880   7.255e-02   9.393 ];
data_herk_openblas( 23, 1:4 ) = [  920  920   8.317e-02   9.362 ];
data_herk_openblas( 24, 1:4 ) = [  960  960   9.451e-02   9.361 ];
data_herk_openblas( 25, 1:4 ) = [ 1000 1000   1.066e-01   9.384 ];
data_herk_openblas( 26, 1:4 ) = [ 1040 1040   1.198e-01   9.390 ];
data_herk_openblas( 27, 1:4 ) = [ 1080 1080   1.340e-01   9.403 ];
data_herk_openblas( 28, 1:4 ) = [ 1120 1120   1.493e-01   9.411 ];
data_herk_openblas( 29, 1:4 ) = [ 1160 1160   1.655e-01   9.429 ];
data_herk_openblas( 30, 1:4 ) = [ 1200 1200   1.829e-01   9.448 ];
data_herk_openblas( 31, 1:4 ) = [ 1240 1240   2.010e-01   9.485 ];
data_herk_openblas( 32, 1:4 ) = [ 1280 1280   2.204e-01   9.515 ];
data_herk_openblas( 33, 1:4 ) = [ 1320 1320   2.423e-01   9.493 ];
data_herk_openblas( 34, 1:4 ) = [ 1360 1360   2.647e-01   9.503 ];
data_herk_openblas( 35, 1:4 ) = [ 1400 1400   2.881e-01   9.524 ];
data_herk_openblas( 36, 1:4 ) = [ 1440 1440   3.134e-01   9.529 ];
data_herk_openblas( 37, 1:4 ) = [ 1480 1480   3.400e-01   9.535 ];
data_herk_openblas( 38, 1:4 ) = [ 1520 1520   3.675e-01   9.556 ];
data_herk_openblas( 39, 1:4 ) = [ 1560 1560   3.959e-01   9.589 ];
data_herk_openblas( 40, 1:4 ) = [ 1600 1600   4.273e-01   9.585 ];
data_herk_openblas( 41, 1:4 ) = [ 1640 1640   4.594e-01   9.602 ];
data_herk_openblas( 42, 1:4 ) = [ 1680 1680   4.944e-01   9.591 ];
data_herk_openblas( 43, 1:4 ) = [ 1720 1720   5.302e-01   9.598 ];
data_herk_openblas( 44, 1:4 ) = [ 1760 1760   5.673e-01   9.610 ];
data_herk_openblas( 45, 1:4 ) = [ 1800 1800   6.066e-01   9.615 ];
data_herk_openblas( 46, 1:4 ) = [ 1840 1840   6.477e-01   9.617 ];
data_herk_openblas( 47, 1:4 ) = [ 1880 1880   6.915e-01   9.609 ];
data_herk_openblas( 48, 1:4 ) = [ 1920 1920   7.316e-01   9.674 ];
data_herk_openblas( 49, 1:4 ) = [ 1960 1960   7.806e-01   9.646 ];
data_herk_openblas( 50, 1:4 ) = [ 2000 2000   8.280e-01   9.662 ];
