data_trmv_blis(  1, 1:3 ) = [   40   1.000e-06   1.600 ];
data_trmv_blis(  2, 1:3 ) = [   80   3.000e-06   2.133 ];
data_trmv_blis(  3, 1:3 ) = [  120   5.000e-06   2.880 ];
data_trmv_blis(  4, 1:3 ) = [  160   7.000e-06   3.657 ];
data_trmv_blis(  5, 1:3 ) = [  200   1.100e-05   3.636 ];
data_trmv_blis(  6, 1:3 ) = [  240   1.500e-05   3.840 ];
data_trmv_blis(  7, 1:3 ) = [  280   2.000e-05   3.920 ];
data_trmv_blis(  8, 1:3 ) = [  320   2.400e-05   4.267 ];
data_trmv_blis(  9, 1:3 ) = [  360   3.000e-05   4.320 ];
data_trmv_blis( 10, 1:3 ) = [  400   3.900e-05   4.103 ];
data_trmv_blis( 11, 1:3 ) = [  440   4.500e-05   4.302 ];
data_trmv_blis( 12, 1:3 ) = [  480   5.200e-05   4.431 ];
data_trmv_blis( 13, 1:3 ) = [  520   6.200e-05   4.361 ];
data_trmv_blis( 14, 1:3 ) = [  560   7.200e-05   4.356 ];
data_trmv_blis( 15, 1:3 ) = [  600   8.100e-05   4.444 ];
data_trmv_blis( 16, 1:3 ) = [  640   9.200e-05   4.452 ];
data_trmv_blis( 17, 1:3 ) = [  680   1.070e-04   4.321 ];
data_trmv_blis( 18, 1:3 ) = [  720   1.300e-04   3.988 ];
data_trmv_blis( 19, 1:3 ) = [  760   1.450e-04   3.983 ];
data_trmv_blis( 20, 1:3 ) = [  800   1.720e-04   3.721 ];
data_trmv_blis( 21, 1:3 ) = [  840   2.060e-04   3.425 ];
data_trmv_blis( 22, 1:3 ) = [  880   2.570e-04   3.013 ];
data_trmv_blis( 23, 1:3 ) = [  920   2.920e-04   2.899 ];
data_trmv_blis( 24, 1:3 ) = [  960   3.440e-04   2.679 ];
data_trmv_blis( 25, 1:3 ) = [ 1000   4.000e-04   2.500 ];
data_trmv_blis( 26, 1:3 ) = [ 1040   4.540e-04   2.382 ];
data_trmv_blis( 27, 1:3 ) = [ 1080   4.900e-04   2.380 ];
data_trmv_blis( 28, 1:3 ) = [ 1120   5.350e-04   2.345 ];
data_trmv_blis( 29, 1:3 ) = [ 1160   5.780e-04   2.328 ];
data_trmv_blis( 30, 1:3 ) = [ 1200   6.290e-04   2.289 ];
data_trmv_blis( 31, 1:3 ) = [ 1240   6.700e-04   2.295 ];
data_trmv_blis( 32, 1:3 ) = [ 1280   7.190e-04   2.279 ];
data_trmv_blis( 33, 1:3 ) = [ 1320   7.670e-04   2.272 ];
data_trmv_blis( 34, 1:3 ) = [ 1360   8.440e-04   2.191 ];
data_trmv_blis( 35, 1:3 ) = [ 1400   8.650e-04   2.266 ];
data_trmv_blis( 36, 1:3 ) = [ 1440   9.280e-04   2.234 ];
data_trmv_blis( 37, 1:3 ) = [ 1480   1.051e-03   2.084 ];
data_trmv_blis( 38, 1:3 ) = [ 1520   1.152e-03   2.006 ];
data_trmv_blis( 39, 1:3 ) = [ 1560   1.243e-03   1.958 ];
data_trmv_blis( 40, 1:3 ) = [ 1600   1.324e-03   1.934 ];
data_trmv_blis( 41, 1:3 ) = [ 1640   1.546e-03   1.740 ];
data_trmv_blis( 42, 1:3 ) = [ 1680   1.717e-03   1.644 ];
data_trmv_blis( 43, 1:3 ) = [ 1720   1.873e-03   1.579 ];
data_trmv_blis( 44, 1:3 ) = [ 1760   2.090e-03   1.482 ];
data_trmv_blis( 45, 1:3 ) = [ 1800   2.470e-03   1.312 ];
data_trmv_blis( 46, 1:3 ) = [ 1840   2.652e-03   1.277 ];
data_trmv_blis( 47, 1:3 ) = [ 1880   3.168e-03   1.116 ];
data_trmv_blis( 48, 1:3 ) = [ 1920   3.513e-03   1.049 ];
data_trmv_blis( 49, 1:3 ) = [ 1960   4.016e-03   0.957 ];
data_trmv_blis( 50, 1:3 ) = [ 2000   4.467e-03   0.895 ];
