data_hemm_mkl(  1, 1:4 ) = [   40   40   1.800e-05   7.111 ];
data_hemm_mkl(  2, 1:4 ) = [   80   80   1.190e-04   8.605 ];
data_hemm_mkl(  3, 1:4 ) = [  120  120   3.740e-04   9.241 ];
data_hemm_mkl(  4, 1:4 ) = [  160  160   8.710e-04   9.405 ];
data_hemm_mkl(  5, 1:4 ) = [  200  200   1.656e-03   9.662 ];
data_hemm_mkl(  6, 1:4 ) = [  240  240   2.856e-03   9.681 ];
data_hemm_mkl(  7, 1:4 ) = [  280  280   4.672e-03   9.397 ];
data_hemm_mkl(  8, 1:4 ) = [  320  320   6.903e-03   9.494 ];
data_hemm_mkl(  9, 1:4 ) = [  360  360   9.722e-03   9.598 ];
data_hemm_mkl( 10, 1:4 ) = [  400  400   1.332e-02   9.610 ];
data_hemm_mkl( 11, 1:4 ) = [  440  440   1.757e-02   9.694 ];
data_hemm_mkl( 12, 1:4 ) = [  480  480   2.280e-02   9.699 ];
data_hemm_mkl( 13, 1:4 ) = [  520  520   3.003e-02   9.363 ];
data_hemm_mkl( 14, 1:4 ) = [  560  560   3.675e-02   9.557 ];
data_hemm_mkl( 15, 1:4 ) = [  600  600   4.530e-02   9.537 ];
data_hemm_mkl( 16, 1:4 ) = [  640  640   5.475e-02   9.576 ];
data_hemm_mkl( 17, 1:4 ) = [  680  680   6.558e-02   9.590 ];
data_hemm_mkl( 18, 1:4 ) = [  720  720   7.807e-02   9.562 ];
data_hemm_mkl( 19, 1:4 ) = [  760  760   9.186e-02   9.558 ];
data_hemm_mkl( 20, 1:4 ) = [  800  800   1.082e-01   9.460 ];
data_hemm_mkl( 21, 1:4 ) = [  840  840   1.251e-01   9.476 ];
data_hemm_mkl( 22, 1:4 ) = [  880  880   1.433e-01   9.509 ];
data_hemm_mkl( 23, 1:4 ) = [  920  920   1.638e-01   9.507 ];
data_hemm_mkl( 24, 1:4 ) = [  960  960   1.854e-01   9.544 ];
data_hemm_mkl( 25, 1:4 ) = [ 1000 1000   2.096e-01   9.544 ];
data_hemm_mkl( 26, 1:4 ) = [ 1040 1040   2.374e-01   9.475 ];
data_hemm_mkl( 27, 1:4 ) = [ 1080 1080   2.650e-01   9.508 ];
data_hemm_mkl( 28, 1:4 ) = [ 1120 1120   2.951e-01   9.522 ];
data_hemm_mkl( 29, 1:4 ) = [ 1160 1160   3.275e-01   9.533 ];
data_hemm_mkl( 30, 1:4 ) = [ 1200 1200   3.609e-01   9.576 ];
data_hemm_mkl( 31, 1:4 ) = [ 1240 1240   3.974e-01   9.596 ];
data_hemm_mkl( 32, 1:4 ) = [ 1280 1280   4.371e-01   9.596 ];
data_hemm_mkl( 33, 1:4 ) = [ 1320 1320   4.819e-01   9.546 ];
data_hemm_mkl( 34, 1:4 ) = [ 1360 1360   5.248e-01   9.586 ];
data_hemm_mkl( 35, 1:4 ) = [ 1400 1400   5.716e-01   9.601 ];
data_hemm_mkl( 36, 1:4 ) = [ 1440 1440   6.215e-01   9.609 ];
data_hemm_mkl( 37, 1:4 ) = [ 1480 1480   6.738e-01   9.622 ];
data_hemm_mkl( 38, 1:4 ) = [ 1520 1520   7.273e-01   9.657 ];
data_hemm_mkl( 39, 1:4 ) = [ 1560 1560   7.898e-01   9.614 ];
data_hemm_mkl( 40, 1:4 ) = [ 1600 1600   8.518e-01   9.618 ];
data_hemm_mkl( 41, 1:4 ) = [ 1640 1640   9.166e-01   9.624 ];
data_hemm_mkl( 42, 1:4 ) = [ 1680 1680   9.846e-01   9.632 ];
data_hemm_mkl( 43, 1:4 ) = [ 1720 1720   1.052e+00   9.673 ];
data_hemm_mkl( 44, 1:4 ) = [ 1760 1760   1.127e+00   9.679 ];
data_hemm_mkl( 45, 1:4 ) = [ 1800 1800   1.219e+00   9.569 ];
data_hemm_mkl( 46, 1:4 ) = [ 1840 1840   1.292e+00   9.641 ];
data_hemm_mkl( 47, 1:4 ) = [ 1880 1880   1.403e+00   9.471 ];
data_hemm_mkl( 48, 1:4 ) = [ 1920 1920   1.467e+00   9.648 ];
data_hemm_mkl( 49, 1:4 ) = [ 1960 1960   1.560e+00   9.655 ];
data_hemm_mkl( 50, 1:4 ) = [ 2000 2000   1.656e+00   9.663 ];
