data_hemv_openblas(  1, 1:3 ) = [   40   1.000e-06   3.200 ];
data_hemv_openblas(  2, 1:3 ) = [   80   3.000e-06   4.267 ];
data_hemv_openblas(  3, 1:3 ) = [  120   7.000e-06   4.114 ];
data_hemv_openblas(  4, 1:3 ) = [  160   1.100e-05   4.655 ];
data_hemv_openblas(  5, 1:3 ) = [  200   1.600e-05   5.000 ];
data_hemv_openblas(  6, 1:3 ) = [  240   2.300e-05   5.009 ];
data_hemv_openblas(  7, 1:3 ) = [  280   3.100e-05   5.058 ];
data_hemv_openblas(  8, 1:3 ) = [  320   4.000e-05   5.120 ];
data_hemv_openblas(  9, 1:3 ) = [  360   4.900e-05   5.290 ];
data_hemv_openblas( 10, 1:3 ) = [  400   6.100e-05   5.246 ];
data_hemv_openblas( 11, 1:3 ) = [  440   7.400e-05   5.232 ];
data_hemv_openblas( 12, 1:3 ) = [  480   8.700e-05   5.297 ];
data_hemv_openblas( 13, 1:3 ) = [  520   1.020e-04   5.302 ];
data_hemv_openblas( 14, 1:3 ) = [  560   1.170e-04   5.361 ];
data_hemv_openblas( 15, 1:3 ) = [  600   1.340e-04   5.373 ];
data_hemv_openblas( 16, 1:3 ) = [  640   1.530e-04   5.354 ];
data_hemv_openblas( 17, 1:3 ) = [  680   1.740e-04   5.315 ];
data_hemv_openblas( 18, 1:3 ) = [  720   1.990e-04   5.210 ];
data_hemv_openblas( 19, 1:3 ) = [  760   2.240e-04   5.157 ];
data_hemv_openblas( 20, 1:3 ) = [  800   2.520e-04   5.079 ];
data_hemv_openblas( 21, 1:3 ) = [  840   2.850e-04   4.952 ];
data_hemv_openblas( 22, 1:3 ) = [  880   3.190e-04   4.855 ];
data_hemv_openblas( 23, 1:3 ) = [  920   3.540e-04   4.782 ];
data_hemv_openblas( 24, 1:3 ) = [  960   3.940e-04   4.678 ];
data_hemv_openblas( 25, 1:3 ) = [ 1000   4.390e-04   4.556 ];
data_hemv_openblas( 26, 1:3 ) = [ 1040   4.860e-04   4.451 ];
data_hemv_openblas( 27, 1:3 ) = [ 1080   5.130e-04   4.547 ];
data_hemv_openblas( 28, 1:3 ) = [ 1120   5.500e-04   4.561 ];
data_hemv_openblas( 29, 1:3 ) = [ 1160   5.920e-04   4.546 ];
data_hemv_openblas( 30, 1:3 ) = [ 1200   6.560e-04   4.390 ];
data_hemv_openblas( 31, 1:3 ) = [ 1240   6.850e-04   4.489 ];
data_hemv_openblas( 32, 1:3 ) = [ 1280   7.420e-04   4.416 ];
data_hemv_openblas( 33, 1:3 ) = [ 1320   7.840e-04   4.445 ];
data_hemv_openblas( 34, 1:3 ) = [ 1360   8.910e-04   4.152 ];
data_hemv_openblas( 35, 1:3 ) = [ 1400   9.040e-04   4.336 ];
data_hemv_openblas( 36, 1:3 ) = [ 1440   9.970e-04   4.160 ];
data_hemv_openblas( 37, 1:3 ) = [ 1480   1.069e-03   4.098 ];
data_hemv_openblas( 38, 1:3 ) = [ 1520   1.204e-03   3.838 ];
data_hemv_openblas( 39, 1:3 ) = [ 1560   1.316e-03   3.698 ];
data_hemv_openblas( 40, 1:3 ) = [ 1600   1.364e-03   3.754 ];
data_hemv_openblas( 41, 1:3 ) = [ 1640   1.555e-03   3.459 ];
data_hemv_openblas( 42, 1:3 ) = [ 1680   1.740e-03   3.244 ];
data_hemv_openblas( 43, 1:3 ) = [ 1720   1.932e-03   3.063 ];
data_hemv_openblas( 44, 1:3 ) = [ 1760   2.347e-03   2.640 ];
data_hemv_openblas( 45, 1:3 ) = [ 1800   2.471e-03   2.622 ];
data_hemv_openblas( 46, 1:3 ) = [ 1840   2.984e-03   2.269 ];
data_hemv_openblas( 47, 1:3 ) = [ 1880   3.247e-03   2.177 ];
data_hemv_openblas( 48, 1:3 ) = [ 1920   3.634e-03   2.029 ];
data_hemv_openblas( 49, 1:3 ) = [ 1960   4.015e-03   1.914 ];
data_hemv_openblas( 50, 1:3 ) = [ 2000   4.685e-03   1.708 ];
