data_her2k_openblas(  1, 1:4 ) = [   40   40   2.300e-05   5.565 ];
data_her2k_openblas(  2, 1:4 ) = [   80   80   1.360e-04   7.529 ];
data_her2k_openblas(  3, 1:4 ) = [  120  120   4.080e-04   8.471 ];
data_her2k_openblas(  4, 1:4 ) = [  160  160   9.210e-04   8.895 ];
data_her2k_openblas(  5, 1:4 ) = [  200  200   1.735e-03   9.222 ];
data_her2k_openblas(  6, 1:4 ) = [  240  240   2.979e-03   9.281 ];
data_her2k_openblas(  7, 1:4 ) = [  280  280   4.816e-03   9.116 ];
data_her2k_openblas(  8, 1:4 ) = [  320  320   7.296e-03   8.982 ];
data_her2k_openblas(  9, 1:4 ) = [  360  360   1.049e-02   8.897 ];
data_her2k_openblas( 10, 1:4 ) = [  400  400   1.365e-02   9.376 ];
data_her2k_openblas( 11, 1:4 ) = [  440  440   1.824e-02   9.340 ];
data_her2k_openblas( 12, 1:4 ) = [  480  480   2.371e-02   9.329 ];
data_her2k_openblas( 13, 1:4 ) = [  520  520   3.107e-02   9.050 ];
data_her2k_openblas( 14, 1:4 ) = [  560  560   3.802e-02   9.239 ];
data_her2k_openblas( 15, 1:4 ) = [  600  600   4.685e-02   9.221 ];
data_her2k_openblas( 16, 1:4 ) = [  640  640   5.678e-02   9.234 ];
data_her2k_openblas( 17, 1:4 ) = [  680  680   6.855e-02   9.174 ];
data_her2k_openblas( 18, 1:4 ) = [  720  720   8.160e-02   9.149 ];
data_her2k_openblas( 19, 1:4 ) = [  760  760   9.618e-02   9.129 ];
data_her2k_openblas( 20, 1:4 ) = [  800  800   1.116e-01   9.176 ];
data_her2k_openblas( 21, 1:4 ) = [  840  840   1.289e-01   9.196 ];
data_her2k_openblas( 22, 1:4 ) = [  880  880   1.478e-01   9.221 ];
data_her2k_openblas( 23, 1:4 ) = [  920  920   1.689e-01   9.220 ];
data_her2k_openblas( 24, 1:4 ) = [  960  960   1.916e-01   9.234 ];
data_her2k_openblas( 25, 1:4 ) = [ 1000 1000   2.161e-01   9.256 ];
data_her2k_openblas( 26, 1:4 ) = [ 1040 1040   2.428e-01   9.264 ];
data_her2k_openblas( 27, 1:4 ) = [ 1080 1080   2.718e-01   9.268 ];
data_her2k_openblas( 28, 1:4 ) = [ 1120 1120   3.035e-01   9.260 ];
data_her2k_openblas( 29, 1:4 ) = [ 1160 1160   3.355e-01   9.305 ];
data_her2k_openblas( 30, 1:4 ) = [ 1200 1200   3.709e-01   9.318 ];
data_her2k_openblas( 31, 1:4 ) = [ 1240 1240   4.082e-01   9.342 ];
data_her2k_openblas( 32, 1:4 ) = [ 1280 1280   4.475e-01   9.373 ];
data_her2k_openblas( 33, 1:4 ) = [ 1320 1320   4.926e-01   9.338 ];
data_her2k_openblas( 34, 1:4 ) = [ 1360 1360   5.389e-01   9.335 ];
data_her2k_openblas( 35, 1:4 ) = [ 1400 1400   5.874e-01   9.342 ];
data_her2k_openblas( 36, 1:4 ) = [ 1440 1440   6.392e-01   9.342 ];
data_her2k_openblas( 37, 1:4 ) = [ 1480 1480   6.939e-01   9.343 ];
data_her2k_openblas( 38, 1:4 ) = [ 1520 1520   7.505e-01   9.358 ];
data_her2k_openblas( 39, 1:4 ) = [ 1560 1560   8.072e-01   9.406 ];
data_her2k_openblas( 40, 1:4 ) = [ 1600 1600   8.712e-01   9.403 ];
data_her2k_openblas( 41, 1:4 ) = [ 1640 1640   9.362e-01   9.423 ];
data_her2k_openblas( 42, 1:4 ) = [ 1680 1680   1.008e+00   9.408 ];
data_her2k_openblas( 43, 1:4 ) = [ 1720 1720   1.082e+00   9.409 ];
data_her2k_openblas( 44, 1:4 ) = [ 1760 1760   1.157e+00   9.424 ];
data_her2k_openblas( 45, 1:4 ) = [ 1800 1800   1.236e+00   9.434 ];
data_her2k_openblas( 46, 1:4 ) = [ 1840 1840   1.320e+00   9.437 ];
data_her2k_openblas( 47, 1:4 ) = [ 1880 1880   1.409e+00   9.433 ];
data_her2k_openblas( 48, 1:4 ) = [ 1920 1920   1.491e+00   9.496 ];
data_her2k_openblas( 49, 1:4 ) = [ 1960 1960   1.590e+00   9.473 ];
data_her2k_openblas( 50, 1:4 ) = [ 2000 2000   1.687e+00   9.485 ];
