data_her2k_atlas(  1, 1:4 ) = [   40   40   3.400e-05   3.765 ];
data_her2k_atlas(  2, 1:4 ) = [   80   80   1.630e-04   6.282 ];
data_her2k_atlas(  3, 1:4 ) = [  120  120   4.780e-04   7.230 ];
data_her2k_atlas(  4, 1:4 ) = [  160  160   1.241e-03   6.601 ];
data_her2k_atlas(  5, 1:4 ) = [  200  200   2.140e-03   7.477 ];
data_her2k_atlas(  6, 1:4 ) = [  240  240   3.524e-03   7.846 ];
data_her2k_atlas(  7, 1:4 ) = [  280  280   5.487e-03   8.001 ];
data_her2k_atlas(  8, 1:4 ) = [  320  320   7.802e-03   8.400 ];
data_her2k_atlas(  9, 1:4 ) = [  360  360   1.069e-02   8.727 ];
data_her2k_atlas( 10, 1:4 ) = [  400  400   1.456e-02   8.794 ];
data_her2k_atlas( 11, 1:4 ) = [  440  440   1.963e-02   8.681 ];
data_her2k_atlas( 12, 1:4 ) = [  480  480   2.523e-02   8.766 ];
data_her2k_atlas( 13, 1:4 ) = [  520  520   3.189e-02   8.819 ];
data_her2k_atlas( 14, 1:4 ) = [  560  560   3.978e-02   8.829 ];
data_her2k_atlas( 15, 1:4 ) = [  600  600   5.016e-02   8.612 ];
data_her2k_atlas( 16, 1:4 ) = [  640  640   6.143e-02   8.535 ];
data_her2k_atlas( 17, 1:4 ) = [  680  680   7.542e-02   8.338 ];
data_her2k_atlas( 18, 1:4 ) = [  720  720   9.014e-02   8.281 ];
data_her2k_atlas( 19, 1:4 ) = [  760  760   1.050e-01   8.360 ];
data_her2k_atlas( 20, 1:4 ) = [  800  800   1.234e-01   8.300 ];
data_her2k_atlas( 21, 1:4 ) = [  840  840   1.394e-01   8.505 ];
data_her2k_atlas( 22, 1:4 ) = [  880  880   1.634e-01   8.343 ];
data_her2k_atlas( 23, 1:4 ) = [  920  920   1.833e-01   8.497 ];
data_her2k_atlas( 24, 1:4 ) = [  960  960   2.106e-01   8.404 ];
data_her2k_atlas( 25, 1:4 ) = [ 1000 1000   2.341e-01   8.543 ];
data_her2k_atlas( 26, 1:4 ) = [ 1040 1040   2.656e-01   8.471 ];
data_her2k_atlas( 27, 1:4 ) = [ 1080 1080   2.927e-01   8.607 ];
data_her2k_atlas( 28, 1:4 ) = [ 1120 1120   3.267e-01   8.600 ];
data_her2k_atlas( 29, 1:4 ) = [ 1160 1160   3.615e-01   8.635 ];
data_her2k_atlas( 30, 1:4 ) = [ 1200 1200   4.033e-01   8.570 ];
data_her2k_atlas( 31, 1:4 ) = [ 1240 1240   4.397e-01   8.672 ];
data_her2k_atlas( 32, 1:4 ) = [ 1280 1280   4.881e-01   8.593 ];
data_her2k_atlas( 33, 1:4 ) = [ 1320 1320   5.281e-01   8.710 ];
data_her2k_atlas( 34, 1:4 ) = [ 1360 1360   5.831e-01   8.628 ];
data_her2k_atlas( 35, 1:4 ) = [ 1400 1400   6.225e-01   8.816 ];
data_her2k_atlas( 36, 1:4 ) = [ 1440 1440   6.881e-01   8.678 ];
data_her2k_atlas( 37, 1:4 ) = [ 1480 1480   7.404e-01   8.756 ];
data_her2k_atlas( 38, 1:4 ) = [ 1520 1520   8.107e-01   8.664 ];
data_her2k_atlas( 39, 1:4 ) = [ 1560 1560   8.606e-01   8.822 ];
data_her2k_atlas( 40, 1:4 ) = [ 1600 1600   9.366e-01   8.747 ];
data_her2k_atlas( 41, 1:4 ) = [ 1640 1640   1.002e+00   8.806 ];
data_her2k_atlas( 42, 1:4 ) = [ 1680 1680   1.069e+00   8.869 ];
data_her2k_atlas( 43, 1:4 ) = [ 1720 1720   1.146e+00   8.881 ];
data_her2k_atlas( 44, 1:4 ) = [ 1760 1760   1.238e+00   8.807 ];
data_her2k_atlas( 45, 1:4 ) = [ 1800 1800   1.318e+00   8.848 ];
data_her2k_atlas( 46, 1:4 ) = [ 1840 1840   1.403e+00   8.883 ];
data_her2k_atlas( 47, 1:4 ) = [ 1880 1880   1.488e+00   8.931 ];
data_her2k_atlas( 48, 1:4 ) = [ 1920 1920   1.599e+00   8.855 ];
data_her2k_atlas( 49, 1:4 ) = [ 1960 1960   1.666e+00   9.039 ];
data_her2k_atlas( 50, 1:4 ) = [ 2000 2000   1.792e+00   8.930 ];
