data_her2_openblas(  1, 1:3 ) = [   40   2.000e-06   1.600 ];
data_her2_openblas(  2, 1:3 ) = [   80   6.000e-06   2.133 ];
data_her2_openblas(  3, 1:3 ) = [  120   1.200e-05   2.400 ];
data_her2_openblas(  4, 1:3 ) = [  160   2.000e-05   2.560 ];
data_her2_openblas(  5, 1:3 ) = [  200   2.800e-05   2.857 ];
data_her2_openblas(  6, 1:3 ) = [  240   4.000e-05   2.880 ];
data_her2_openblas(  7, 1:3 ) = [  280   5.200e-05   3.015 ];
data_her2_openblas(  8, 1:3 ) = [  320   6.500e-05   3.151 ];
data_her2_openblas(  9, 1:3 ) = [  360   1.010e-04   2.566 ];
data_her2_openblas( 10, 1:3 ) = [  400   1.120e-04   2.857 ];
data_her2_openblas( 11, 1:3 ) = [  440   1.660e-04   2.333 ];
data_her2_openblas( 12, 1:3 ) = [  480   2.650e-04   1.739 ];
data_her2_openblas( 13, 1:3 ) = [  520   3.470e-04   1.559 ];
data_her2_openblas( 14, 1:3 ) = [  560   4.590e-04   1.366 ];
data_her2_openblas( 15, 1:3 ) = [  600   5.760e-04   1.250 ];
data_her2_openblas( 16, 1:3 ) = [  640   6.920e-04   1.184 ];
data_her2_openblas( 17, 1:3 ) = [  680   8.260e-04   1.120 ];
data_her2_openblas( 18, 1:3 ) = [  720   9.550e-04   1.086 ];
data_her2_openblas( 19, 1:3 ) = [  760   1.078e-03   1.072 ];
data_her2_openblas( 20, 1:3 ) = [  800   1.219e-03   1.050 ];
data_her2_openblas( 21, 1:3 ) = [  840   1.340e-03   1.053 ];
data_her2_openblas( 22, 1:3 ) = [  880   1.492e-03   1.038 ];
data_her2_openblas( 23, 1:3 ) = [  920   1.655e-03   1.023 ];
data_her2_openblas( 24, 1:3 ) = [  960   1.797e-03   1.026 ];
data_her2_openblas( 25, 1:3 ) = [ 1000   2.001e-03   1.000 ];
data_her2_openblas( 26, 1:3 ) = [ 1040   2.170e-03   0.997 ];
data_her2_openblas( 27, 1:3 ) = [ 1080   2.390e-03   0.976 ];
data_her2_openblas( 28, 1:3 ) = [ 1120   2.641e-03   0.950 ];
data_her2_openblas( 29, 1:3 ) = [ 1160   2.835e-03   0.949 ];
data_her2_openblas( 30, 1:3 ) = [ 1200   3.090e-03   0.932 ];
data_her2_openblas( 31, 1:3 ) = [ 1240   3.369e-03   0.913 ];
data_her2_openblas( 32, 1:3 ) = [ 1280   3.683e-03   0.890 ];
data_her2_openblas( 33, 1:3 ) = [ 1320   3.993e-03   0.873 ];
data_her2_openblas( 34, 1:3 ) = [ 1360   4.311e-03   0.858 ];
data_her2_openblas( 35, 1:3 ) = [ 1400   4.649e-03   0.843 ];
data_her2_openblas( 36, 1:3 ) = [ 1440   5.027e-03   0.825 ];
data_her2_openblas( 37, 1:3 ) = [ 1480   5.333e-03   0.821 ];
data_her2_openblas( 38, 1:3 ) = [ 1520   5.703e-03   0.810 ];
data_her2_openblas( 39, 1:3 ) = [ 1560   6.040e-03   0.806 ];
data_her2_openblas( 40, 1:3 ) = [ 1600   6.414e-03   0.798 ];
data_her2_openblas( 41, 1:3 ) = [ 1640   6.768e-03   0.795 ];
data_her2_openblas( 42, 1:3 ) = [ 1680   7.166e-03   0.788 ];
data_her2_openblas( 43, 1:3 ) = [ 1720   7.517e-03   0.787 ];
data_her2_openblas( 44, 1:3 ) = [ 1760   7.962e-03   0.778 ];
data_her2_openblas( 45, 1:3 ) = [ 1800   8.299e-03   0.781 ];
data_her2_openblas( 46, 1:3 ) = [ 1840   8.711e-03   0.777 ];
data_her2_openblas( 47, 1:3 ) = [ 1880   9.091e-03   0.778 ];
data_her2_openblas( 48, 1:3 ) = [ 1920   9.451e-03   0.780 ];
data_her2_openblas( 49, 1:3 ) = [ 1960   9.898e-03   0.776 ];
data_her2_openblas( 50, 1:3 ) = [ 2000   1.034e-02   0.774 ];
