data_her2k_blis(  1, 1:4 ) = [   40   40   2.900e-05   4.414 ];
data_her2k_blis(  2, 1:4 ) = [   80   80   1.470e-04   6.966 ];
data_her2k_blis(  3, 1:4 ) = [  120  120   4.280e-04   8.075 ];
data_her2k_blis(  4, 1:4 ) = [  160  160   1.001e-03   8.184 ];
data_her2k_blis(  5, 1:4 ) = [  200  200   1.807e-03   8.854 ];
data_her2k_blis(  6, 1:4 ) = [  240  240   3.176e-03   8.705 ];
data_her2k_blis(  7, 1:4 ) = [  280  280   5.107e-03   8.597 ];
data_her2k_blis(  8, 1:4 ) = [  320  320   7.646e-03   8.571 ];
data_her2k_blis(  9, 1:4 ) = [  360  360   1.092e-02   8.543 ];
data_her2k_blis( 10, 1:4 ) = [  400  400   1.494e-02   8.567 ];
data_her2k_blis( 11, 1:4 ) = [  440  440   1.973e-02   8.634 ];
data_her2k_blis( 12, 1:4 ) = [  480  480   2.544e-02   8.695 ];
data_her2k_blis( 13, 1:4 ) = [  520  520   3.229e-02   8.709 ];
data_her2k_blis( 14, 1:4 ) = [  560  560   3.997e-02   8.786 ];
data_her2k_blis( 15, 1:4 ) = [  600  600   4.905e-02   8.807 ];
data_her2k_blis( 16, 1:4 ) = [  640  640   5.875e-02   8.924 ];
data_her2k_blis( 17, 1:4 ) = [  680  680   7.100e-02   8.857 ];
data_her2k_blis( 18, 1:4 ) = [  720  720   8.377e-02   8.911 ];
data_her2k_blis( 19, 1:4 ) = [  760  760   9.896e-02   8.872 ];
data_her2k_blis( 20, 1:4 ) = [  800  800   1.156e-01   8.862 ];
data_her2k_blis( 21, 1:4 ) = [  840  840   1.347e-01   8.799 ];
data_her2k_blis( 22, 1:4 ) = [  880  880   1.560e-01   8.739 ];
data_her2k_blis( 23, 1:4 ) = [  920  920   1.776e-01   8.768 ];
data_her2k_blis( 24, 1:4 ) = [  960  960   1.995e-01   8.868 ];
data_her2k_blis( 25, 1:4 ) = [ 1000 1000   2.256e-01   8.865 ];
data_her2k_blis( 26, 1:4 ) = [ 1040 1040   2.520e-01   8.928 ];
data_her2k_blis( 27, 1:4 ) = [ 1080 1080   2.813e-01   8.955 ];
data_her2k_blis( 28, 1:4 ) = [ 1120 1120   3.118e-01   9.013 ];
data_her2k_blis( 29, 1:4 ) = [ 1160 1160   3.463e-01   9.014 ];
data_her2k_blis( 30, 1:4 ) = [ 1200 1200   3.832e-01   9.019 ];
data_her2k_blis( 31, 1:4 ) = [ 1240 1240   4.237e-01   9.001 ];
data_her2k_blis( 32, 1:4 ) = [ 1280 1280   4.659e-01   9.002 ];
data_her2k_blis( 33, 1:4 ) = [ 1320 1320   5.098e-01   9.023 ];
data_her2k_blis( 34, 1:4 ) = [ 1360 1360   5.546e-01   9.071 ];
data_her2k_blis( 35, 1:4 ) = [ 1400 1400   6.029e-01   9.102 ];
data_her2k_blis( 36, 1:4 ) = [ 1440 1440   6.535e-01   9.139 ];
data_her2k_blis( 37, 1:4 ) = [ 1480 1480   7.088e-01   9.148 ];
data_her2k_blis( 38, 1:4 ) = [ 1520 1520   7.669e-01   9.159 ];
data_her2k_blis( 39, 1:4 ) = [ 1560 1560   8.284e-01   9.165 ];
data_her2k_blis( 40, 1:4 ) = [ 1600 1600   8.931e-01   9.173 ];
data_her2k_blis( 41, 1:4 ) = [ 1640 1640   9.673e-01   9.120 ];
data_her2k_blis( 42, 1:4 ) = [ 1680 1680   1.036e+00   9.150 ];
data_her2k_blis( 43, 1:4 ) = [ 1720 1720   1.110e+00   9.165 ];
data_her2k_blis( 44, 1:4 ) = [ 1760 1760   1.183e+00   9.217 ];
data_her2k_blis( 45, 1:4 ) = [ 1800 1800   1.267e+00   9.206 ];
data_her2k_blis( 46, 1:4 ) = [ 1840 1840   1.350e+00   9.227 ];
data_her2k_blis( 47, 1:4 ) = [ 1880 1880   1.439e+00   9.237 ];
data_her2k_blis( 48, 1:4 ) = [ 1920 1920   1.527e+00   9.267 ];
data_her2k_blis( 49, 1:4 ) = [ 1960 1960   1.630e+00   9.237 ];
data_her2k_blis( 50, 1:4 ) = [ 2000 2000   1.734e+00   9.227 ];
