data_her2_atlas(  1, 1:3 ) = [   40   2.000e-06   1.600 ];
data_her2_atlas(  2, 1:3 ) = [   80   6.000e-06   2.133 ];
data_her2_atlas(  3, 1:3 ) = [  120   1.400e-05   2.057 ];
data_her2_atlas(  4, 1:3 ) = [  160   2.900e-05   1.766 ];
data_her2_atlas(  5, 1:3 ) = [  200   4.200e-05   1.905 ];
data_her2_atlas(  6, 1:3 ) = [  240   6.000e-05   1.920 ];
data_her2_atlas(  7, 1:3 ) = [  280   8.100e-05   1.936 ];
data_her2_atlas(  8, 1:3 ) = [  320   1.000e-04   2.048 ];
data_her2_atlas(  9, 1:3 ) = [  360   1.300e-04   1.994 ];
data_her2_atlas( 10, 1:3 ) = [  400   1.740e-04   1.839 ];
data_her2_atlas( 11, 1:3 ) = [  440   2.520e-04   1.537 ];
data_her2_atlas( 12, 1:3 ) = [  480   3.380e-04   1.363 ];
data_her2_atlas( 13, 1:3 ) = [  520   4.700e-04   1.151 ];
data_her2_atlas( 14, 1:3 ) = [  560   5.810e-04   1.080 ];
data_her2_atlas( 15, 1:3 ) = [  600   7.210e-04   0.999 ];
data_her2_atlas( 16, 1:3 ) = [  640   8.410e-04   0.974 ];
data_her2_atlas( 17, 1:3 ) = [  680   9.840e-04   0.940 ];
data_her2_atlas( 18, 1:3 ) = [  720   1.134e-03   0.914 ];
data_her2_atlas( 19, 1:3 ) = [  760   1.282e-03   0.901 ];
data_her2_atlas( 20, 1:3 ) = [  800   1.440e-03   0.889 ];
data_her2_atlas( 21, 1:3 ) = [  840   1.590e-03   0.888 ];
data_her2_atlas( 22, 1:3 ) = [  880   1.765e-03   0.878 ];
data_her2_atlas( 23, 1:3 ) = [  920   1.940e-03   0.873 ];
data_her2_atlas( 24, 1:3 ) = [  960   2.088e-03   0.883 ];
data_her2_atlas( 25, 1:3 ) = [ 1000   2.338e-03   0.855 ];
data_her2_atlas( 26, 1:3 ) = [ 1040   2.534e-03   0.854 ];
data_her2_atlas( 27, 1:3 ) = [ 1080   2.692e-03   0.867 ];
data_her2_atlas( 28, 1:3 ) = [ 1120   3.048e-03   0.823 ];
data_her2_atlas( 29, 1:3 ) = [ 1160   3.304e-03   0.815 ];
data_her2_atlas( 30, 1:3 ) = [ 1200   3.598e-03   0.800 ];
data_her2_atlas( 31, 1:3 ) = [ 1240   3.929e-03   0.783 ];
data_her2_atlas( 32, 1:3 ) = [ 1280   4.281e-03   0.765 ];
data_her2_atlas( 33, 1:3 ) = [ 1320   4.655e-03   0.749 ];
data_her2_atlas( 34, 1:3 ) = [ 1360   5.004e-03   0.739 ];
data_her2_atlas( 35, 1:3 ) = [ 1400   5.406e-03   0.725 ];
data_her2_atlas( 36, 1:3 ) = [ 1440   5.829e-03   0.711 ];
data_her2_atlas( 37, 1:3 ) = [ 1480   5.836e-03   0.751 ];
data_her2_atlas( 38, 1:3 ) = [ 1520   6.614e-03   0.699 ];
data_her2_atlas( 39, 1:3 ) = [ 1560   7.035e-03   0.692 ];
data_her2_atlas( 40, 1:3 ) = [ 1600   7.000e-03   0.731 ];
data_her2_atlas( 41, 1:3 ) = [ 1640   7.850e-03   0.685 ];
data_her2_atlas( 42, 1:3 ) = [ 1680   8.275e-03   0.682 ];
data_her2_atlas( 43, 1:3 ) = [ 1720   8.676e-03   0.682 ];
data_her2_atlas( 44, 1:3 ) = [ 1760   9.149e-03   0.677 ];
data_her2_atlas( 45, 1:3 ) = [ 1800   9.542e-03   0.679 ];
data_her2_atlas( 46, 1:3 ) = [ 1840   1.003e-02   0.675 ];
data_her2_atlas( 47, 1:3 ) = [ 1880   1.046e-02   0.676 ];
data_her2_atlas( 48, 1:3 ) = [ 1920   1.088e-02   0.678 ];
data_her2_atlas( 49, 1:3 ) = [ 1960   1.142e-02   0.673 ];
data_her2_atlas( 50, 1:3 ) = [ 2000   1.083e-02   0.738 ];
