data_trmm_blis(  1, 1:4 ) = [   40   40   1.600e-05   4.000 ];
data_trmm_blis(  2, 1:4 ) = [   80   80   7.900e-05   6.481 ];
data_trmm_blis(  3, 1:4 ) = [  120  120   2.260e-04   7.646 ];
data_trmm_blis(  4, 1:4 ) = [  160  160   4.980e-04   8.225 ];
data_trmm_blis(  5, 1:4 ) = [  200  200   9.230e-04   8.667 ];
data_trmm_blis(  6, 1:4 ) = [  240  240   1.559e-03   8.867 ];
data_trmm_blis(  7, 1:4 ) = [  280  280   2.454e-03   8.945 ];
data_trmm_blis(  8, 1:4 ) = [  320  320   3.698e-03   8.861 ];
data_trmm_blis(  9, 1:4 ) = [  360  360   5.329e-03   8.755 ];
data_trmm_blis( 10, 1:4 ) = [  400  400   7.387e-03   8.664 ];
data_trmm_blis( 11, 1:4 ) = [  440  440   9.787e-03   8.704 ];
data_trmm_blis( 12, 1:4 ) = [  480  480   1.261e-02   8.767 ];
data_trmm_blis( 13, 1:4 ) = [  520  520   1.588e-02   8.856 ];
data_trmm_blis( 14, 1:4 ) = [  560  560   1.971e-02   8.912 ];
data_trmm_blis( 15, 1:4 ) = [  600  600   2.417e-02   8.936 ];
data_trmm_blis( 16, 1:4 ) = [  640  640   2.928e-02   8.952 ];
data_trmm_blis( 17, 1:4 ) = [  680  680   3.512e-02   8.954 ];
data_trmm_blis( 18, 1:4 ) = [  720  720   4.152e-02   8.989 ];
data_trmm_blis( 19, 1:4 ) = [  760  760   4.882e-02   8.991 ];
data_trmm_blis( 20, 1:4 ) = [  800  800   5.678e-02   9.017 ];
data_trmm_blis( 21, 1:4 ) = [  840  840   6.581e-02   9.007 ];
data_trmm_blis( 22, 1:4 ) = [  880  880   7.538e-02   9.041 ];
data_trmm_blis( 23, 1:4 ) = [  920  920   8.616e-02   9.038 ];
data_trmm_blis( 24, 1:4 ) = [  960  960   9.761e-02   9.064 ];
data_trmm_blis( 25, 1:4 ) = [ 1000 1000   1.105e-01   9.053 ];
data_trmm_blis( 26, 1:4 ) = [ 1040 1040   1.239e-01   9.080 ];
data_trmm_blis( 27, 1:4 ) = [ 1080 1080   1.386e-01   9.088 ];
data_trmm_blis( 28, 1:4 ) = [ 1120 1120   1.543e-01   9.105 ];
data_trmm_blis( 29, 1:4 ) = [ 1160 1160   1.715e-01   9.102 ];
data_trmm_blis( 30, 1:4 ) = [ 1200 1200   1.896e-01   9.114 ];
data_trmm_blis( 31, 1:4 ) = [ 1240 1240   2.092e-01   9.113 ];
data_trmm_blis( 32, 1:4 ) = [ 1280 1280   2.298e-01   9.128 ];
data_trmm_blis( 33, 1:4 ) = [ 1320 1320   2.511e-01   9.161 ];
data_trmm_blis( 34, 1:4 ) = [ 1360 1360   2.741e-01   9.177 ];
data_trmm_blis( 35, 1:4 ) = [ 1400 1400   2.987e-01   9.187 ];
data_trmm_blis( 36, 1:4 ) = [ 1440 1440   3.244e-01   9.204 ];
data_trmm_blis( 37, 1:4 ) = [ 1480 1480   3.521e-01   9.206 ];
data_trmm_blis( 38, 1:4 ) = [ 1520 1520   3.812e-01   9.212 ];
data_trmm_blis( 39, 1:4 ) = [ 1560 1560   4.122e-01   9.210 ];
data_trmm_blis( 40, 1:4 ) = [ 1600 1600   4.448e-01   9.209 ];
data_trmm_blis( 41, 1:4 ) = [ 1640 1640   4.781e-01   9.227 ];
data_trmm_blis( 42, 1:4 ) = [ 1680 1680   5.132e-01   9.240 ];
data_trmm_blis( 43, 1:4 ) = [ 1720 1720   5.506e-01   9.241 ];
data_trmm_blis( 44, 1:4 ) = [ 1760 1760   5.894e-01   9.250 ];
data_trmm_blis( 45, 1:4 ) = [ 1800 1800   6.307e-01   9.246 ];
data_trmm_blis( 46, 1:4 ) = [ 1840 1840   6.733e-01   9.253 ];
data_trmm_blis( 47, 1:4 ) = [ 1880 1880   7.194e-01   9.236 ];
data_trmm_blis( 48, 1:4 ) = [ 1920 1920   7.658e-01   9.242 ];
data_trmm_blis( 49, 1:4 ) = [ 1960 1960   8.168e-01   9.218 ];
data_trmm_blis( 50, 1:4 ) = [ 2000 2000   8.684e-01   9.213 ];
