data_trsm_openblas(  1, 1:4 ) = [   40   40   1.400e-05   4.571 ];
data_trsm_openblas(  2, 1:4 ) = [   80   80   8.700e-05   5.885 ];
data_trsm_openblas(  3, 1:4 ) = [  120  120   2.550e-04   6.776 ];
data_trsm_openblas(  4, 1:4 ) = [  160  160   5.610e-04   7.301 ];
data_trsm_openblas(  5, 1:4 ) = [  200  200   1.033e-03   7.744 ];
data_trsm_openblas(  6, 1:4 ) = [  240  240   1.717e-03   8.051 ];
data_trsm_openblas(  7, 1:4 ) = [  280  280   2.683e-03   8.182 ];
data_trsm_openblas(  8, 1:4 ) = [  320  320   3.976e-03   8.241 ];
data_trsm_openblas(  9, 1:4 ) = [  360  360   5.713e-03   8.167 ];
data_trsm_openblas( 10, 1:4 ) = [  400  400   7.860e-03   8.142 ];
data_trsm_openblas( 11, 1:4 ) = [  440  440   1.032e-02   8.253 ];
data_trsm_openblas( 12, 1:4 ) = [  480  480   1.329e-02   8.322 ];
data_trsm_openblas( 13, 1:4 ) = [  520  520   1.689e-02   8.323 ];
data_trsm_openblas( 14, 1:4 ) = [  560  560   2.084e-02   8.427 ];
data_trsm_openblas( 15, 1:4 ) = [  600  600   2.552e-02   8.465 ];
data_trsm_openblas( 16, 1:4 ) = [  640  640   3.071e-02   8.535 ];
data_trsm_openblas( 17, 1:4 ) = [  680  680   3.679e-02   8.547 ];
data_trsm_openblas( 18, 1:4 ) = [  720  720   4.326e-02   8.628 ];
data_trsm_openblas( 19, 1:4 ) = [  760  760   5.066e-02   8.665 ];
data_trsm_openblas( 20, 1:4 ) = [  800  800   5.907e-02   8.667 ];
data_trsm_openblas( 21, 1:4 ) = [  840  840   6.820e-02   8.691 ];
data_trsm_openblas( 22, 1:4 ) = [  880  880   7.780e-02   8.759 ];
data_trsm_openblas( 23, 1:4 ) = [  920  920   8.838e-02   8.811 ];
data_trsm_openblas( 24, 1:4 ) = [  960  960   9.982e-02   8.863 ];
data_trsm_openblas( 25, 1:4 ) = [ 1000 1000   1.126e-01   8.884 ];
data_trsm_openblas( 26, 1:4 ) = [ 1040 1040   1.260e-01   8.927 ];
data_trsm_openblas( 27, 1:4 ) = [ 1080 1080   1.406e-01   8.963 ];
data_trsm_openblas( 28, 1:4 ) = [ 1120 1120   1.561e-01   8.998 ];
data_trsm_openblas( 29, 1:4 ) = [ 1160 1160   1.739e-01   8.977 ];
data_trsm_openblas( 30, 1:4 ) = [ 1200 1200   1.918e-01   9.008 ];
data_trsm_openblas( 31, 1:4 ) = [ 1240 1240   2.109e-01   9.041 ];
data_trsm_openblas( 32, 1:4 ) = [ 1280 1280   2.311e-01   9.075 ];
data_trsm_openblas( 33, 1:4 ) = [ 1320 1320   2.525e-01   9.110 ];
data_trsm_openblas( 34, 1:4 ) = [ 1360 1360   2.752e-01   9.142 ];
data_trsm_openblas( 35, 1:4 ) = [ 1400 1400   2.995e-01   9.162 ];
data_trsm_openblas( 36, 1:4 ) = [ 1440 1440   3.250e-01   9.187 ];
data_trsm_openblas( 37, 1:4 ) = [ 1480 1480   3.525e-01   9.198 ];
data_trsm_openblas( 38, 1:4 ) = [ 1520 1520   3.818e-01   9.199 ];
data_trsm_openblas( 39, 1:4 ) = [ 1560 1560   4.124e-01   9.206 ];
data_trsm_openblas( 40, 1:4 ) = [ 1600 1600   4.440e-01   9.226 ];
data_trsm_openblas( 41, 1:4 ) = [ 1640 1640   4.771e-01   9.245 ];
data_trsm_openblas( 42, 1:4 ) = [ 1680 1680   5.115e-01   9.269 ];
data_trsm_openblas( 43, 1:4 ) = [ 1720 1720   5.479e-01   9.287 ];
data_trsm_openblas( 44, 1:4 ) = [ 1760 1760   5.857e-01   9.309 ];
data_trsm_openblas( 45, 1:4 ) = [ 1800 1800   6.264e-01   9.310 ];
data_trsm_openblas( 46, 1:4 ) = [ 1840 1840   6.670e-01   9.340 ];
data_trsm_openblas( 47, 1:4 ) = [ 1880 1880   7.116e-01   9.338 ];
data_trsm_openblas( 48, 1:4 ) = [ 1920 1920   7.556e-01   9.367 ];
data_trsm_openblas( 49, 1:4 ) = [ 1960 1960   8.071e-01   9.329 ];
data_trsm_openblas( 50, 1:4 ) = [ 2000 2000   8.552e-01   9.355 ];
