data_gemv_blis(  1, 1:4 ) = [   40   40   1.000e-06   3.200 ];
data_gemv_blis(  2, 1:4 ) = [   80   80   3.000e-06   4.267 ];
data_gemv_blis(  3, 1:4 ) = [  120  120   6.000e-06   4.800 ];
data_gemv_blis(  4, 1:4 ) = [  160  160   1.100e-05   4.655 ];
data_gemv_blis(  5, 1:4 ) = [  200  200   1.600e-05   5.000 ];
data_gemv_blis(  6, 1:4 ) = [  240  240   2.300e-05   5.009 ];
data_gemv_blis(  7, 1:4 ) = [  280  280   3.100e-05   5.058 ];
data_gemv_blis(  8, 1:4 ) = [  320  320   4.100e-05   4.995 ];
data_gemv_blis(  9, 1:4 ) = [  360  360   5.100e-05   5.082 ];
data_gemv_blis( 10, 1:4 ) = [  400  400   6.300e-05   5.079 ];
data_gemv_blis( 11, 1:4 ) = [  440  440   7.800e-05   4.964 ];
data_gemv_blis( 12, 1:4 ) = [  480  480   9.400e-05   4.902 ];
data_gemv_blis( 13, 1:4 ) = [  520  520   1.130e-04   4.786 ];
data_gemv_blis( 14, 1:4 ) = [  560  560   1.330e-04   4.716 ];
data_gemv_blis( 15, 1:4 ) = [  600  600   1.590e-04   4.528 ];
data_gemv_blis( 16, 1:4 ) = [  640  640   2.040e-04   4.016 ];
data_gemv_blis( 17, 1:4 ) = [  680  680   2.640e-04   3.503 ];
data_gemv_blis( 18, 1:4 ) = [  720  720   3.350e-04   3.095 ];
data_gemv_blis( 19, 1:4 ) = [  760  760   3.990e-04   2.895 ];
data_gemv_blis( 20, 1:4 ) = [  800  800   4.770e-04   2.683 ];
data_gemv_blis( 21, 1:4 ) = [  840  840   5.380e-04   2.623 ];
data_gemv_blis( 22, 1:4 ) = [  880  880   5.990e-04   2.586 ];
data_gemv_blis( 23, 1:4 ) = [  920  920   6.630e-04   2.553 ];
data_gemv_blis( 24, 1:4 ) = [  960  960   7.510e-04   2.454 ];
data_gemv_blis( 25, 1:4 ) = [ 1000 1000   8.290e-04   2.413 ];
data_gemv_blis( 26, 1:4 ) = [ 1040 1040   9.160e-04   2.362 ];
data_gemv_blis( 27, 1:4 ) = [ 1080 1080   9.880e-04   2.361 ];
data_gemv_blis( 28, 1:4 ) = [ 1120 1120   1.095e-03   2.291 ];
data_gemv_blis( 29, 1:4 ) = [ 1160 1160   1.224e-03   2.199 ];
data_gemv_blis( 30, 1:4 ) = [ 1200 1200   1.407e-03   2.047 ];
data_gemv_blis( 31, 1:4 ) = [ 1240 1240   1.661e-03   1.851 ];
data_gemv_blis( 32, 1:4 ) = [ 1280 1280   2.045e-03   1.602 ];
data_gemv_blis( 33, 1:4 ) = [ 1320 1320   2.338e-03   1.491 ];
data_gemv_blis( 34, 1:4 ) = [ 1360 1360   2.747e-03   1.347 ];
data_gemv_blis( 35, 1:4 ) = [ 1400 1400   3.193e-03   1.228 ];
data_gemv_blis( 36, 1:4 ) = [ 1440 1440   3.885e-03   1.067 ];
data_gemv_blis( 37, 1:4 ) = [ 1480 1480   4.615e-03   0.949 ];
data_gemv_blis( 38, 1:4 ) = [ 1520 1520   5.453e-03   0.847 ];
data_gemv_blis( 39, 1:4 ) = [ 1560 1560   6.335e-03   0.768 ];
data_gemv_blis( 40, 1:4 ) = [ 1600 1600   6.936e-03   0.738 ];
data_gemv_blis( 41, 1:4 ) = [ 1640 1640   7.597e-03   0.708 ];
data_gemv_blis( 42, 1:4 ) = [ 1680 1680   8.313e-03   0.679 ];
data_gemv_blis( 43, 1:4 ) = [ 1720 1720   9.017e-03   0.656 ];
data_gemv_blis( 44, 1:4 ) = [ 1760 1760   9.621e-03   0.644 ];
data_gemv_blis( 45, 1:4 ) = [ 1800 1800   1.018e-02   0.637 ];
data_gemv_blis( 46, 1:4 ) = [ 1840 1840   1.060e-02   0.639 ];
data_gemv_blis( 47, 1:4 ) = [ 1880 1880   1.124e-02   0.629 ];
data_gemv_blis( 48, 1:4 ) = [ 1920 1920   1.170e-02   0.630 ];
data_gemv_blis( 49, 1:4 ) = [ 1960 1960   1.209e-02   0.635 ];
data_gemv_blis( 50, 1:4 ) = [ 2000 2000   1.268e-02   0.631 ];
