data_her2k_mkl(  1, 1:4 ) = [   40   40   2.000e-05   6.400 ];
data_her2k_mkl(  2, 1:4 ) = [   80   80   1.280e-04   8.000 ];
data_her2k_mkl(  3, 1:4 ) = [  120  120   3.910e-04   8.839 ];
data_her2k_mkl(  4, 1:4 ) = [  160  160   9.430e-04   8.687 ];
data_her2k_mkl(  5, 1:4 ) = [  200  200   1.741e-03   9.190 ];
data_her2k_mkl(  6, 1:4 ) = [  240  240   2.946e-03   9.385 ];
data_her2k_mkl(  7, 1:4 ) = [  280  280   4.738e-03   9.266 ];
data_her2k_mkl(  8, 1:4 ) = [  320  320   7.077e-03   9.260 ];
data_her2k_mkl(  9, 1:4 ) = [  360  360   9.999e-03   9.332 ];
data_her2k_mkl( 10, 1:4 ) = [  400  400   1.379e-02   9.283 ];
data_her2k_mkl( 11, 1:4 ) = [  440  440   1.828e-02   9.321 ];
data_her2k_mkl( 12, 1:4 ) = [  480  480   2.383e-02   9.281 ];
data_her2k_mkl( 13, 1:4 ) = [  520  520   3.102e-02   9.067 ];
data_her2k_mkl( 14, 1:4 ) = [  560  560   3.838e-02   9.150 ];
data_her2k_mkl( 15, 1:4 ) = [  600  600   4.733e-02   9.127 ];
data_her2k_mkl( 16, 1:4 ) = [  640  640   5.715e-02   9.174 ];
data_her2k_mkl( 17, 1:4 ) = [  680  680   6.868e-02   9.156 ];
data_her2k_mkl( 18, 1:4 ) = [  720  720   8.188e-02   9.117 ];
data_her2k_mkl( 19, 1:4 ) = [  760  760   9.575e-02   9.169 ];
data_her2k_mkl( 20, 1:4 ) = [  800  800   1.132e-01   9.043 ];
data_her2k_mkl( 21, 1:4 ) = [  840  840   1.315e-01   9.013 ];
data_her2k_mkl( 22, 1:4 ) = [  880  880   1.510e-01   9.024 ];
data_her2k_mkl( 23, 1:4 ) = [  920  920   1.732e-01   8.993 ];
data_her2k_mkl( 24, 1:4 ) = [  960  960   1.969e-01   8.985 ];
data_her2k_mkl( 25, 1:4 ) = [ 1000 1000   2.235e-01   8.948 ];
data_her2k_mkl( 26, 1:4 ) = [ 1040 1040   2.528e-01   8.900 ];
data_her2k_mkl( 27, 1:4 ) = [ 1080 1080   2.835e-01   8.885 ];
data_her2k_mkl( 28, 1:4 ) = [ 1120 1120   3.173e-01   8.857 ];
data_her2k_mkl( 29, 1:4 ) = [ 1160 1160   3.548e-01   8.797 ];
data_her2k_mkl( 30, 1:4 ) = [ 1200 1200   3.922e-01   8.813 ];
data_her2k_mkl( 31, 1:4 ) = [ 1240 1240   4.323e-01   8.821 ];
data_her2k_mkl( 32, 1:4 ) = [ 1280 1280   4.769e-01   8.795 ];
data_her2k_mkl( 33, 1:4 ) = [ 1320 1320   5.266e-01   8.735 ];
data_her2k_mkl( 34, 1:4 ) = [ 1360 1360   5.768e-01   8.723 ];
data_her2k_mkl( 35, 1:4 ) = [ 1400 1400   6.293e-01   8.721 ];
data_her2k_mkl( 36, 1:4 ) = [ 1440 1440   6.860e-01   8.705 ];
data_her2k_mkl( 37, 1:4 ) = [ 1480 1480   7.464e-01   8.686 ];
data_her2k_mkl( 38, 1:4 ) = [ 1520 1520   8.061e-01   8.713 ];
data_her2k_mkl( 39, 1:4 ) = [ 1560 1560   8.751e-01   8.677 ];
data_her2k_mkl( 40, 1:4 ) = [ 1600 1600   9.436e-01   8.681 ];
data_her2k_mkl( 41, 1:4 ) = [ 1640 1640   1.021e+00   8.643 ];
data_her2k_mkl( 42, 1:4 ) = [ 1680 1680   1.098e+00   8.639 ];
data_her2k_mkl( 43, 1:4 ) = [ 1720 1720   1.175e+00   8.661 ];
data_her2k_mkl( 44, 1:4 ) = [ 1760 1760   1.257e+00   8.674 ];
data_her2k_mkl( 45, 1:4 ) = [ 1800 1800   1.352e+00   8.627 ];
data_her2k_mkl( 46, 1:4 ) = [ 1840 1840   1.443e+00   8.636 ];
data_her2k_mkl( 47, 1:4 ) = [ 1880 1880   1.562e+00   8.508 ];
data_her2k_mkl( 48, 1:4 ) = [ 1920 1920   1.639e+00   8.634 ];
data_her2k_mkl( 49, 1:4 ) = [ 1960 1960   1.743e+00   8.638 ];
data_her2k_mkl( 50, 1:4 ) = [ 2000 2000   1.865e+00   8.577 ];
