data_trsv_mkl(  1, 1:3 ) = [   40   1.000e-06   1.600 ];
data_trsv_mkl(  2, 1:3 ) = [   80   2.000e-06   3.200 ];
data_trsv_mkl(  3, 1:3 ) = [  120   5.000e-06   2.880 ];
data_trsv_mkl(  4, 1:3 ) = [  160   7.000e-06   3.657 ];
data_trsv_mkl(  5, 1:3 ) = [  200   1.100e-05   3.636 ];
data_trsv_mkl(  6, 1:3 ) = [  240   1.500e-05   3.840 ];
data_trsv_mkl(  7, 1:3 ) = [  280   2.000e-05   3.920 ];
data_trsv_mkl(  8, 1:3 ) = [  320   2.500e-05   4.096 ];
data_trsv_mkl(  9, 1:3 ) = [  360   3.000e-05   4.320 ];
data_trsv_mkl( 10, 1:3 ) = [  400   3.800e-05   4.211 ];
data_trsv_mkl( 11, 1:3 ) = [  440   4.500e-05   4.302 ];
data_trsv_mkl( 12, 1:3 ) = [  480   5.200e-05   4.431 ];
data_trsv_mkl( 13, 1:3 ) = [  520   6.200e-05   4.361 ];
data_trsv_mkl( 14, 1:3 ) = [  560   7.200e-05   4.356 ];
data_trsv_mkl( 15, 1:3 ) = [  600   8.300e-05   4.337 ];
data_trsv_mkl( 16, 1:3 ) = [  640   9.400e-05   4.357 ];
data_trsv_mkl( 17, 1:3 ) = [  680   1.080e-04   4.281 ];
data_trsv_mkl( 18, 1:3 ) = [  720   1.300e-04   3.988 ];
data_trsv_mkl( 19, 1:3 ) = [  760   1.460e-04   3.956 ];
data_trsv_mkl( 20, 1:3 ) = [  800   1.750e-04   3.657 ];
data_trsv_mkl( 21, 1:3 ) = [  840   2.170e-04   3.252 ];
data_trsv_mkl( 22, 1:3 ) = [  880   2.570e-04   3.013 ];
data_trsv_mkl( 23, 1:3 ) = [  920   3.040e-04   2.784 ];
data_trsv_mkl( 24, 1:3 ) = [  960   3.570e-04   2.582 ];
data_trsv_mkl( 25, 1:3 ) = [ 1000   4.020e-04   2.488 ];
data_trsv_mkl( 26, 1:3 ) = [ 1040   4.600e-04   2.351 ];
data_trsv_mkl( 27, 1:3 ) = [ 1080   5.100e-04   2.287 ];
data_trsv_mkl( 28, 1:3 ) = [ 1120   5.540e-04   2.264 ];
data_trsv_mkl( 29, 1:3 ) = [ 1160   5.850e-04   2.300 ];
data_trsv_mkl( 30, 1:3 ) = [ 1200   6.320e-04   2.278 ];
data_trsv_mkl( 31, 1:3 ) = [ 1240   6.900e-04   2.228 ];
data_trsv_mkl( 32, 1:3 ) = [ 1280   7.560e-04   2.167 ];
data_trsv_mkl( 33, 1:3 ) = [ 1320   7.970e-04   2.186 ];
data_trsv_mkl( 34, 1:3 ) = [ 1360   8.410e-04   2.199 ];
data_trsv_mkl( 35, 1:3 ) = [ 1400   9.060e-04   2.163 ];
data_trsv_mkl( 36, 1:3 ) = [ 1440   9.850e-04   2.105 ];
data_trsv_mkl( 37, 1:3 ) = [ 1480   1.031e-03   2.125 ];
data_trsv_mkl( 38, 1:3 ) = [ 1520   1.152e-03   2.006 ];
data_trsv_mkl( 39, 1:3 ) = [ 1560   1.296e-03   1.878 ];
data_trsv_mkl( 40, 1:3 ) = [ 1600   1.430e-03   1.790 ];
data_trsv_mkl( 41, 1:3 ) = [ 1640   1.550e-03   1.735 ];
data_trsv_mkl( 42, 1:3 ) = [ 1680   1.640e-03   1.721 ];
data_trsv_mkl( 43, 1:3 ) = [ 1720   1.991e-03   1.486 ];
data_trsv_mkl( 44, 1:3 ) = [ 1760   2.312e-03   1.340 ];
data_trsv_mkl( 45, 1:3 ) = [ 1800   2.479e-03   1.307 ];
data_trsv_mkl( 46, 1:3 ) = [ 1840   2.880e-03   1.176 ];
data_trsv_mkl( 47, 1:3 ) = [ 1880   3.344e-03   1.057 ];
data_trsv_mkl( 48, 1:3 ) = [ 1920   3.769e-03   0.978 ];
data_trsv_mkl( 49, 1:3 ) = [ 1960   4.195e-03   0.916 ];
data_trsv_mkl( 50, 1:3 ) = [ 2000   4.789e-03   0.835 ];
