data_hemv_blis(  1, 1:3 ) = [   40   2.000e-06   1.600 ];
data_hemv_blis(  2, 1:3 ) = [   80   4.000e-06   3.200 ];
data_hemv_blis(  3, 1:3 ) = [  120   7.000e-06   4.114 ];
data_hemv_blis(  4, 1:3 ) = [  160   1.100e-05   4.655 ];
data_hemv_blis(  5, 1:3 ) = [  200   1.600e-05   5.000 ];
data_hemv_blis(  6, 1:3 ) = [  240   2.200e-05   5.236 ];
data_hemv_blis(  7, 1:3 ) = [  280   2.800e-05   5.600 ];
data_hemv_blis(  8, 1:3 ) = [  320   3.600e-05   5.689 ];
data_hemv_blis(  9, 1:3 ) = [  360   4.400e-05   5.891 ];
data_hemv_blis( 10, 1:3 ) = [  400   5.400e-05   5.926 ];
data_hemv_blis( 11, 1:3 ) = [  440   6.300e-05   6.146 ];
data_hemv_blis( 12, 1:3 ) = [  480   7.500e-05   6.144 ];
data_hemv_blis( 13, 1:3 ) = [  520   8.800e-05   6.145 ];
data_hemv_blis( 14, 1:3 ) = [  560   1.010e-04   6.210 ];
data_hemv_blis( 15, 1:3 ) = [  600   1.150e-04   6.261 ];
data_hemv_blis( 16, 1:3 ) = [  640   1.350e-04   6.068 ];
data_hemv_blis( 17, 1:3 ) = [  680   1.500e-04   6.165 ];
data_hemv_blis( 18, 1:3 ) = [  720   1.720e-04   6.028 ];
data_hemv_blis( 19, 1:3 ) = [  760   1.970e-04   5.864 ];
data_hemv_blis( 20, 1:3 ) = [  800   2.260e-04   5.664 ];
data_hemv_blis( 21, 1:3 ) = [  840   2.550e-04   5.534 ];
data_hemv_blis( 22, 1:3 ) = [  880   2.990e-04   5.180 ];
data_hemv_blis( 23, 1:3 ) = [  920   3.410e-04   4.964 ];
data_hemv_blis( 24, 1:3 ) = [  960   3.890e-04   4.738 ];
data_hemv_blis( 25, 1:3 ) = [ 1000   4.380e-04   4.566 ];
data_hemv_blis( 26, 1:3 ) = [ 1040   4.890e-04   4.424 ];
data_hemv_blis( 27, 1:3 ) = [ 1080   5.320e-04   4.385 ];
data_hemv_blis( 28, 1:3 ) = [ 1120   5.810e-04   4.318 ];
data_hemv_blis( 29, 1:3 ) = [ 1160   6.460e-04   4.166 ];
data_hemv_blis( 30, 1:3 ) = [ 1200   6.870e-04   4.192 ];
data_hemv_blis( 31, 1:3 ) = [ 1240   7.430e-04   4.139 ];
data_hemv_blis( 32, 1:3 ) = [ 1280   7.710e-04   4.250 ];
data_hemv_blis( 33, 1:3 ) = [ 1320   8.240e-04   4.229 ];
data_hemv_blis( 34, 1:3 ) = [ 1360   9.290e-04   3.982 ];
data_hemv_blis( 35, 1:3 ) = [ 1400   9.590e-04   4.088 ];
data_hemv_blis( 36, 1:3 ) = [ 1440   1.035e-03   4.007 ];
data_hemv_blis( 37, 1:3 ) = [ 1480   1.113e-03   3.936 ];
data_hemv_blis( 38, 1:3 ) = [ 1520   1.247e-03   3.706 ];
data_hemv_blis( 39, 1:3 ) = [ 1560   1.326e-03   3.671 ];
data_hemv_blis( 40, 1:3 ) = [ 1600   1.423e-03   3.598 ];
data_hemv_blis( 41, 1:3 ) = [ 1640   1.641e-03   3.278 ];
data_hemv_blis( 42, 1:3 ) = [ 1680   1.782e-03   3.168 ];
data_hemv_blis( 43, 1:3 ) = [ 1720   2.094e-03   2.826 ];
data_hemv_blis( 44, 1:3 ) = [ 1760   2.276e-03   2.722 ];
data_hemv_blis( 45, 1:3 ) = [ 1800   2.510e-03   2.582 ];
data_hemv_blis( 46, 1:3 ) = [ 1840   3.042e-03   2.226 ];
data_hemv_blis( 47, 1:3 ) = [ 1880   3.436e-03   2.057 ];
data_hemv_blis( 48, 1:3 ) = [ 1920   3.909e-03   1.886 ];
data_hemv_blis( 49, 1:3 ) = [ 1960   4.315e-03   1.781 ];
data_hemv_blis( 50, 1:3 ) = [ 2000   5.114e-03   1.564 ];
