data_her_mkl(  1, 1:3 ) = [   40   1.000e-06   1.600 ];
data_her_mkl(  2, 1:3 ) = [   80   3.000e-06   2.133 ];
data_her_mkl(  3, 1:3 ) = [  120   7.000e-06   2.057 ];
data_her_mkl(  4, 1:3 ) = [  160   1.200e-05   2.133 ];
data_her_mkl(  5, 1:3 ) = [  200   1.700e-05   2.353 ];
data_her_mkl(  6, 1:3 ) = [  240   2.400e-05   2.400 ];
data_her_mkl(  7, 1:3 ) = [  280   3.200e-05   2.450 ];
data_her_mkl(  8, 1:3 ) = [  320   4.000e-05   2.560 ];
data_her_mkl(  9, 1:3 ) = [  360   6.000e-05   2.160 ];
data_her_mkl( 10, 1:3 ) = [  400   8.000e-05   2.000 ];
data_her_mkl( 11, 1:3 ) = [  440   1.170e-04   1.655 ];
data_her_mkl( 12, 1:3 ) = [  480   1.950e-04   1.182 ];
data_her_mkl( 13, 1:3 ) = [  520   2.820e-04   0.959 ];
data_her_mkl( 14, 1:3 ) = [  560   3.790e-04   0.827 ];
data_her_mkl( 15, 1:3 ) = [  600   4.830e-04   0.745 ];
data_her_mkl( 16, 1:3 ) = [  640   5.960e-04   0.687 ];
data_her_mkl( 17, 1:3 ) = [  680   7.040e-04   0.657 ];
data_her_mkl( 18, 1:3 ) = [  720   8.140e-04   0.637 ];
data_her_mkl( 19, 1:3 ) = [  760   9.310e-04   0.620 ];
data_her_mkl( 20, 1:3 ) = [  800   1.041e-03   0.615 ];
data_her_mkl( 21, 1:3 ) = [  840   1.165e-03   0.606 ];
data_her_mkl( 22, 1:3 ) = [  880   1.285e-03   0.603 ];
data_her_mkl( 23, 1:3 ) = [  920   1.428e-03   0.593 ];
data_her_mkl( 24, 1:3 ) = [  960   1.568e-03   0.588 ];
data_her_mkl( 25, 1:3 ) = [ 1000   1.716e-03   0.583 ];
data_her_mkl( 26, 1:3 ) = [ 1040   1.877e-03   0.576 ];
data_her_mkl( 27, 1:3 ) = [ 1080   2.071e-03   0.563 ];
data_her_mkl( 28, 1:3 ) = [ 1120   2.250e-03   0.558 ];
data_her_mkl( 29, 1:3 ) = [ 1160   2.453e-03   0.549 ];
data_her_mkl( 30, 1:3 ) = [ 1200   2.682e-03   0.537 ];
data_her_mkl( 31, 1:3 ) = [ 1240   2.906e-03   0.529 ];
data_her_mkl( 32, 1:3 ) = [ 1280   3.206e-03   0.511 ];
data_her_mkl( 33, 1:3 ) = [ 1320   3.412e-03   0.511 ];
data_her_mkl( 34, 1:3 ) = [ 1360   3.689e-03   0.501 ];
data_her_mkl( 35, 1:3 ) = [ 1400   3.968e-03   0.494 ];
data_her_mkl( 36, 1:3 ) = [ 1440   4.259e-03   0.487 ];
data_her_mkl( 37, 1:3 ) = [ 1480   4.537e-03   0.483 ];
data_her_mkl( 38, 1:3 ) = [ 1520   4.849e-03   0.476 ];
data_her_mkl( 39, 1:3 ) = [ 1560   5.150e-03   0.473 ];
data_her_mkl( 40, 1:3 ) = [ 1600   5.444e-03   0.470 ];
data_her_mkl( 41, 1:3 ) = [ 1640   5.752e-03   0.468 ];
data_her_mkl( 42, 1:3 ) = [ 1680   6.078e-03   0.464 ];
data_her_mkl( 43, 1:3 ) = [ 1720   6.378e-03   0.464 ];
data_her_mkl( 44, 1:3 ) = [ 1760   6.715e-03   0.461 ];
data_her_mkl( 45, 1:3 ) = [ 1800   7.019e-03   0.462 ];
data_her_mkl( 46, 1:3 ) = [ 1840   7.338e-03   0.461 ];
data_her_mkl( 47, 1:3 ) = [ 1880   7.680e-03   0.460 ];
data_her_mkl( 48, 1:3 ) = [ 1920   8.042e-03   0.458 ];
data_her_mkl( 49, 1:3 ) = [ 1960   8.366e-03   0.459 ];
data_her_mkl( 50, 1:3 ) = [ 2000   8.712e-03   0.459 ];
