data_trmv_atlas(  1, 1:3 ) = [   40   1.000e-06   1.600 ];
data_trmv_atlas(  2, 1:3 ) = [   80   5.000e-06   1.280 ];
data_trmv_atlas(  3, 1:3 ) = [  120   9.000e-06   1.600 ];
data_trmv_atlas(  4, 1:3 ) = [  160   1.500e-05   1.707 ];
data_trmv_atlas(  5, 1:3 ) = [  200   2.300e-05   1.739 ];
data_trmv_atlas(  6, 1:3 ) = [  240   3.600e-05   1.600 ];
data_trmv_atlas(  7, 1:3 ) = [  280   4.200e-05   1.867 ];
data_trmv_atlas(  8, 1:3 ) = [  320   5.000e-05   2.048 ];
data_trmv_atlas(  9, 1:3 ) = [  360   6.100e-05   2.125 ];
data_trmv_atlas( 10, 1:3 ) = [  400   7.000e-05   2.286 ];
data_trmv_atlas( 11, 1:3 ) = [  440   8.000e-05   2.420 ];
data_trmv_atlas( 12, 1:3 ) = [  480   9.200e-05   2.504 ];
data_trmv_atlas( 13, 1:3 ) = [  520   1.460e-04   1.852 ];
data_trmv_atlas( 14, 1:3 ) = [  560   1.660e-04   1.889 ];
data_trmv_atlas( 15, 1:3 ) = [  600   1.890e-04   1.905 ];
data_trmv_atlas( 16, 1:3 ) = [  640   2.140e-04   1.914 ];
data_trmv_atlas( 17, 1:3 ) = [  680   2.400e-04   1.927 ];
data_trmv_atlas( 18, 1:3 ) = [  720   2.720e-04   1.906 ];
data_trmv_atlas( 19, 1:3 ) = [  760   3.100e-04   1.863 ];
data_trmv_atlas( 20, 1:3 ) = [  800   3.410e-04   1.877 ];
data_trmv_atlas( 21, 1:3 ) = [  840   3.910e-04   1.805 ];
data_trmv_atlas( 22, 1:3 ) = [  880   4.300e-04   1.801 ];
data_trmv_atlas( 23, 1:3 ) = [  920   4.720e-04   1.793 ];
data_trmv_atlas( 24, 1:3 ) = [  960   5.120e-04   1.800 ];
data_trmv_atlas( 25, 1:3 ) = [ 1000   5.600e-04   1.786 ];
data_trmv_atlas( 26, 1:3 ) = [ 1040   6.040e-04   1.791 ];
data_trmv_atlas( 27, 1:3 ) = [ 1080   6.560e-04   1.778 ];
data_trmv_atlas( 28, 1:3 ) = [ 1120   6.850e-04   1.831 ];
data_trmv_atlas( 29, 1:3 ) = [ 1160   7.360e-04   1.828 ];
data_trmv_atlas( 30, 1:3 ) = [ 1200   7.880e-04   1.827 ];
data_trmv_atlas( 31, 1:3 ) = [ 1240   8.480e-04   1.813 ];
data_trmv_atlas( 32, 1:3 ) = [ 1280   9.040e-04   1.812 ];
data_trmv_atlas( 33, 1:3 ) = [ 1320   9.710e-04   1.794 ];
data_trmv_atlas( 34, 1:3 ) = [ 1360   1.017e-03   1.819 ];
data_trmv_atlas( 35, 1:3 ) = [ 1400   1.112e-03   1.763 ];
data_trmv_atlas( 36, 1:3 ) = [ 1440   1.260e-03   1.646 ];
data_trmv_atlas( 37, 1:3 ) = [ 1480   1.349e-03   1.624 ];
data_trmv_atlas( 38, 1:3 ) = [ 1520   1.406e-03   1.643 ];
data_trmv_atlas( 39, 1:3 ) = [ 1560   1.622e-03   1.500 ];
data_trmv_atlas( 40, 1:3 ) = [ 1600   1.762e-03   1.453 ];
data_trmv_atlas( 41, 1:3 ) = [ 1640   1.964e-03   1.369 ];
data_trmv_atlas( 42, 1:3 ) = [ 1680   2.249e-03   1.255 ];
data_trmv_atlas( 43, 1:3 ) = [ 1720   2.565e-03   1.153 ];
data_trmv_atlas( 44, 1:3 ) = [ 1760   2.836e-03   1.092 ];
data_trmv_atlas( 45, 1:3 ) = [ 1800   3.155e-03   1.027 ];
data_trmv_atlas( 46, 1:3 ) = [ 1840   3.561e-03   0.951 ];
data_trmv_atlas( 47, 1:3 ) = [ 1880   4.114e-03   0.859 ];
data_trmv_atlas( 48, 1:3 ) = [ 1920   4.555e-03   0.809 ];
data_trmv_atlas( 49, 1:3 ) = [ 1960   5.090e-03   0.755 ];
data_trmv_atlas( 50, 1:3 ) = [ 2000   5.500e-03   0.727 ];
