data_hemm_openblas(  1, 1:4 ) = [   40   40   2.000e-05   6.400 ];
data_hemm_openblas(  2, 1:4 ) = [   80   80   1.230e-04   8.325 ];
data_hemm_openblas(  3, 1:4 ) = [  120  120   3.820e-04   9.047 ];
data_hemm_openblas(  4, 1:4 ) = [  160  160   8.810e-04   9.299 ];
data_hemm_openblas(  5, 1:4 ) = [  200  200   1.676e-03   9.547 ];
data_hemm_openblas(  6, 1:4 ) = [  240  240   2.868e-03   9.640 ];
data_hemm_openblas(  7, 1:4 ) = [  280  280   4.564e-03   9.620 ];
data_hemm_openblas(  8, 1:4 ) = [  320  320   6.822e-03   9.607 ];
data_hemm_openblas(  9, 1:4 ) = [  360  360   9.703e-03   9.617 ];
data_hemm_openblas( 10, 1:4 ) = [  400  400   1.344e-02   9.527 ];
data_hemm_openblas( 11, 1:4 ) = [  440  440   1.790e-02   9.519 ];
data_hemm_openblas( 12, 1:4 ) = [  480  480   2.318e-02   9.541 ];
data_hemm_openblas( 13, 1:4 ) = [  520  520   3.030e-02   9.282 ];
data_hemm_openblas( 14, 1:4 ) = [  560  560   3.708e-02   9.473 ];
data_hemm_openblas( 15, 1:4 ) = [  600  600   4.564e-02   9.465 ];
data_hemm_openblas( 16, 1:4 ) = [  640  640   5.532e-02   9.478 ];
data_hemm_openblas( 17, 1:4 ) = [  680  680   6.660e-02   9.442 ];
data_hemm_openblas( 18, 1:4 ) = [  720  720   7.899e-02   9.451 ];
data_hemm_openblas( 19, 1:4 ) = [  760  760   9.282e-02   9.459 ];
data_hemm_openblas( 20, 1:4 ) = [  800  800   1.079e-01   9.491 ];
data_hemm_openblas( 21, 1:4 ) = [  840  840   1.248e-01   9.502 ];
data_hemm_openblas( 22, 1:4 ) = [  880  880   1.429e-01   9.539 ];
data_hemm_openblas( 23, 1:4 ) = [  920  920   1.638e-01   9.509 ];
data_hemm_openblas( 24, 1:4 ) = [  960  960   1.857e-01   9.529 ];
data_hemm_openblas( 25, 1:4 ) = [ 1000 1000   2.096e-01   9.543 ];
data_hemm_openblas( 26, 1:4 ) = [ 1040 1040   2.352e-01   9.565 ];
data_hemm_openblas( 27, 1:4 ) = [ 1080 1080   2.633e-01   9.568 ];
data_hemm_openblas( 28, 1:4 ) = [ 1120 1120   2.934e-01   9.578 ];
data_hemm_openblas( 29, 1:4 ) = [ 1160 1160   3.255e-01   9.590 ];
data_hemm_openblas( 30, 1:4 ) = [ 1200 1200   3.596e-01   9.610 ];
data_hemm_openblas( 31, 1:4 ) = [ 1240 1240   3.958e-01   9.634 ];
data_hemm_openblas( 32, 1:4 ) = [ 1280 1280   4.342e-01   9.660 ];
data_hemm_openblas( 33, 1:4 ) = [ 1320 1320   4.772e-01   9.638 ];
data_hemm_openblas( 34, 1:4 ) = [ 1360 1360   5.217e-01   9.644 ];
data_hemm_openblas( 35, 1:4 ) = [ 1400 1400   5.680e-01   9.662 ];
data_hemm_openblas( 36, 1:4 ) = [ 1440 1440   6.177e-01   9.668 ];
data_hemm_openblas( 37, 1:4 ) = [ 1480 1480   6.703e-01   9.672 ];
data_hemm_openblas( 38, 1:4 ) = [ 1520 1520   7.247e-01   9.691 ];
data_hemm_openblas( 39, 1:4 ) = [ 1560 1560   7.808e-01   9.724 ];
data_hemm_openblas( 40, 1:4 ) = [ 1600 1600   8.424e-01   9.725 ];
data_hemm_openblas( 41, 1:4 ) = [ 1640 1640   9.055e-01   9.742 ];
data_hemm_openblas( 42, 1:4 ) = [ 1680 1680   9.743e-01   9.733 ];
data_hemm_openblas( 43, 1:4 ) = [ 1720 1720   1.046e+00   9.733 ];
data_hemm_openblas( 44, 1:4 ) = [ 1760 1760   1.119e+00   9.745 ];
data_hemm_openblas( 45, 1:4 ) = [ 1800 1800   1.196e+00   9.752 ];
data_hemm_openblas( 46, 1:4 ) = [ 1840 1840   1.277e+00   9.757 ];
data_hemm_openblas( 47, 1:4 ) = [ 1880 1880   1.363e+00   9.751 ];
data_hemm_openblas( 48, 1:4 ) = [ 1920 1920   1.441e+00   9.825 ];
data_hemm_openblas( 49, 1:4 ) = [ 1960 1960   1.539e+00   9.783 ];
data_hemm_openblas( 50, 1:4 ) = [ 2000 2000   1.633e+00   9.800 ];
