data_trsm_blis_nofus_fpu_mxn(  1, 1:4 ) = [   40   40   2.300e-05   2.783 ];
data_trsm_blis_nofus_fpu_mxn(  2, 1:4 ) = [   80   80   1.090e-04   4.697 ];
data_trsm_blis_nofus_fpu_mxn(  3, 1:4 ) = [  120  120   2.970e-04   5.818 ];
data_trsm_blis_nofus_fpu_mxn(  4, 1:4 ) = [  160  160   6.190e-04   6.617 ];
data_trsm_blis_nofus_fpu_mxn(  5, 1:4 ) = [  200  200   1.114e-03   7.181 ];
data_trsm_blis_nofus_fpu_mxn(  6, 1:4 ) = [  240  240   1.825e-03   7.575 ];
data_trsm_blis_nofus_fpu_mxn(  7, 1:4 ) = [  280  280   2.833e-03   7.749 ];
data_trsm_blis_nofus_fpu_mxn(  8, 1:4 ) = [  320  320   4.217e-03   7.770 ];
data_trsm_blis_nofus_fpu_mxn(  9, 1:4 ) = [  360  360   6.057e-03   7.703 ];
data_trsm_blis_nofus_fpu_mxn( 10, 1:4 ) = [  400  400   8.356e-03   7.659 ];
data_trsm_blis_nofus_fpu_mxn( 11, 1:4 ) = [  440  440   1.108e-02   7.690 ];
data_trsm_blis_nofus_fpu_mxn( 12, 1:4 ) = [  480  480   1.423e-02   7.774 ];
data_trsm_blis_nofus_fpu_mxn( 13, 1:4 ) = [  520  520   1.759e-02   7.993 ];
data_trsm_blis_nofus_fpu_mxn( 14, 1:4 ) = [  560  560   2.171e-02   8.089 ];
data_trsm_blis_nofus_fpu_mxn( 15, 1:4 ) = [  600  600   2.656e-02   8.134 ];
data_trsm_blis_nofus_fpu_mxn( 16, 1:4 ) = [  640  640   3.203e-02   8.184 ];
data_trsm_blis_nofus_fpu_mxn( 17, 1:4 ) = [  680  680   3.833e-02   8.202 ];
data_trsm_blis_nofus_fpu_mxn( 18, 1:4 ) = [  720  720   4.517e-02   8.263 ];
data_trsm_blis_nofus_fpu_mxn( 19, 1:4 ) = [  760  760   5.289e-02   8.299 ];
data_trsm_blis_nofus_fpu_mxn( 20, 1:4 ) = [  800  800   6.133e-02   8.348 ];
data_trsm_blis_nofus_fpu_mxn( 21, 1:4 ) = [  840  840   7.081e-02   8.370 ];
data_trsm_blis_nofus_fpu_mxn( 22, 1:4 ) = [  880  880   8.072e-02   8.442 ];
data_trsm_blis_nofus_fpu_mxn( 23, 1:4 ) = [  920  920   9.251e-02   8.417 ];
data_trsm_blis_nofus_fpu_mxn( 24, 1:4 ) = [  960  960   1.043e-01   8.481 ];
data_trsm_blis_nofus_fpu_mxn( 25, 1:4 ) = [ 1000 1000   1.177e-01   8.494 ];
data_trsm_blis_nofus_fpu_mxn( 26, 1:4 ) = [ 1040 1040   1.318e-01   8.533 ];
data_trsm_blis_nofus_fpu_mxn( 27, 1:4 ) = [ 1080 1080   1.471e-01   8.562 ];
data_trsm_blis_nofus_fpu_mxn( 28, 1:4 ) = [ 1120 1120   1.633e-01   8.604 ];
data_trsm_blis_nofus_fpu_mxn( 29, 1:4 ) = [ 1160 1160   1.811e-01   8.621 ];
data_trsm_blis_nofus_fpu_mxn( 30, 1:4 ) = [ 1200 1200   1.999e-01   8.643 ];
data_trsm_blis_nofus_fpu_mxn( 31, 1:4 ) = [ 1240 1240   2.201e-01   8.662 ];
data_trsm_blis_nofus_fpu_mxn( 32, 1:4 ) = [ 1280 1280   2.413e-01   8.690 ];
data_trsm_blis_nofus_fpu_mxn( 33, 1:4 ) = [ 1320 1320   2.636e-01   8.726 ];
data_trsm_blis_nofus_fpu_mxn( 34, 1:4 ) = [ 1360 1360   2.876e-01   8.745 ];
data_trsm_blis_nofus_fpu_mxn( 35, 1:4 ) = [ 1400 1400   3.129e-01   8.770 ];
data_trsm_blis_nofus_fpu_mxn( 36, 1:4 ) = [ 1440 1440   3.395e-01   8.795 ];
data_trsm_blis_nofus_fpu_mxn( 37, 1:4 ) = [ 1480 1480   3.682e-01   8.805 ];
data_trsm_blis_nofus_fpu_mxn( 38, 1:4 ) = [ 1520 1520   3.984e-01   8.816 ];
data_trsm_blis_nofus_fpu_mxn( 39, 1:4 ) = [ 1560 1560   4.300e-01   8.829 ];
data_trsm_blis_nofus_fpu_mxn( 40, 1:4 ) = [ 1600 1600   4.637e-01   8.833 ];
data_trsm_blis_nofus_fpu_mxn( 41, 1:4 ) = [ 1640 1640   4.977e-01   8.864 ];
data_trsm_blis_nofus_fpu_mxn( 42, 1:4 ) = [ 1680 1680   5.340e-01   8.879 ];
data_trsm_blis_nofus_fpu_mxn( 43, 1:4 ) = [ 1720 1720   5.726e-01   8.887 ];
data_trsm_blis_nofus_fpu_mxn( 44, 1:4 ) = [ 1760 1760   6.125e-01   8.901 ];
data_trsm_blis_nofus_fpu_mxn( 45, 1:4 ) = [ 1800 1800   6.550e-01   8.904 ];
data_trsm_blis_nofus_fpu_mxn( 46, 1:4 ) = [ 1840 1840   6.988e-01   8.915 ];
data_trsm_blis_nofus_fpu_mxn( 47, 1:4 ) = [ 1880 1880   7.456e-01   8.912 ];
data_trsm_blis_nofus_fpu_mxn( 48, 1:4 ) = [ 1920 1920   7.938e-01   8.917 ];
data_trsm_blis_nofus_fpu_mxn( 49, 1:4 ) = [ 1960 1960   8.446e-01   8.915 ];
data_trsm_blis_nofus_fpu_mxn( 50, 1:4 ) = [ 2000 2000   8.977e-01   8.911 ];
