data_hemm_atlas(  1, 1:4 ) = [   40   40   7.200e-05   1.778 ];
data_hemm_atlas(  2, 1:4 ) = [   80   80   1.690e-04   6.059 ];
data_hemm_atlas(  3, 1:4 ) = [  120  120   4.510e-04   7.663 ];
data_hemm_atlas(  4, 1:4 ) = [  160  160   1.157e-03   7.080 ];
data_hemm_atlas(  5, 1:4 ) = [  200  200   1.992e-03   8.032 ];
data_hemm_atlas(  6, 1:4 ) = [  240  240   3.242e-03   8.528 ];
data_hemm_atlas(  7, 1:4 ) = [  280  280   4.979e-03   8.818 ];
data_hemm_atlas(  8, 1:4 ) = [  320  320   7.756e-03   8.450 ];
data_hemm_atlas(  9, 1:4 ) = [  360  360   1.076e-02   8.668 ];
data_hemm_atlas( 10, 1:4 ) = [  400  400   1.461e-02   8.761 ];
data_hemm_atlas( 11, 1:4 ) = [  440  440   1.977e-02   8.617 ];
data_hemm_atlas( 12, 1:4 ) = [  480  480   2.522e-02   8.771 ];
data_hemm_atlas( 13, 1:4 ) = [  520  520   3.185e-02   8.829 ];
data_hemm_atlas( 14, 1:4 ) = [  560  560   3.932e-02   8.933 ];
data_hemm_atlas( 15, 1:4 ) = [  600  600   4.904e-02   8.810 ];
data_hemm_atlas( 16, 1:4 ) = [  640  640   5.908e-02   8.874 ];
data_hemm_atlas( 17, 1:4 ) = [  680  680   7.079e-02   8.884 ];
data_hemm_atlas( 18, 1:4 ) = [  720  720   8.482e-02   8.801 ];
data_hemm_atlas( 19, 1:4 ) = [  760  760   9.937e-02   8.835 ];
data_hemm_atlas( 20, 1:4 ) = [  800  800   1.162e-01   8.810 ];
data_hemm_atlas( 21, 1:4 ) = [  840  840   1.336e-01   8.871 ];
data_hemm_atlas( 22, 1:4 ) = [  880  880   1.552e-01   8.784 ];
data_hemm_atlas( 23, 1:4 ) = [  920  920   1.769e-01   8.802 ];
data_hemm_atlas( 24, 1:4 ) = [  960  960   2.014e-01   8.788 ];
data_hemm_atlas( 25, 1:4 ) = [ 1000 1000   2.281e-01   8.767 ];
data_hemm_atlas( 26, 1:4 ) = [ 1040 1040   2.566e-01   8.767 ];
data_hemm_atlas( 27, 1:4 ) = [ 1080 1080   2.864e-01   8.798 ];
data_hemm_atlas( 28, 1:4 ) = [ 1120 1120   3.174e-01   8.852 ];
data_hemm_atlas( 29, 1:4 ) = [ 1160 1160   3.544e-01   8.810 ];
data_hemm_atlas( 30, 1:4 ) = [ 1200 1200   3.918e-01   8.821 ];
data_hemm_atlas( 31, 1:4 ) = [ 1240 1240   4.322e-01   8.824 ];
data_hemm_atlas( 32, 1:4 ) = [ 1280 1280   4.764e-01   8.803 ];
data_hemm_atlas( 33, 1:4 ) = [ 1320 1320   5.231e-01   8.794 ];
data_hemm_atlas( 34, 1:4 ) = [ 1360 1360   5.743e-01   8.760 ];
data_hemm_atlas( 35, 1:4 ) = [ 1400 1400   6.238e-01   8.798 ];
data_hemm_atlas( 36, 1:4 ) = [ 1440 1440   6.801e-01   8.781 ];
data_hemm_atlas( 37, 1:4 ) = [ 1480 1480   7.382e-01   8.784 ];
data_hemm_atlas( 38, 1:4 ) = [ 1520 1520   7.994e-01   8.786 ];
data_hemm_atlas( 39, 1:4 ) = [ 1560 1560   8.647e-01   8.781 ];
data_hemm_atlas( 40, 1:4 ) = [ 1600 1600   9.292e-01   8.816 ];
data_hemm_atlas( 41, 1:4 ) = [ 1640 1640   1.001e+00   8.815 ];
data_hemm_atlas( 42, 1:4 ) = [ 1680 1680   1.070e+00   8.864 ];
data_hemm_atlas( 43, 1:4 ) = [ 1720 1720   1.152e+00   8.837 ];
data_hemm_atlas( 44, 1:4 ) = [ 1760 1760   1.231e+00   8.859 ];
data_hemm_atlas( 45, 1:4 ) = [ 1800 1800   1.319e+00   8.843 ];
data_hemm_atlas( 46, 1:4 ) = [ 1840 1840   1.404e+00   8.875 ];
data_hemm_atlas( 47, 1:4 ) = [ 1880 1880   1.497e+00   8.875 ];
data_hemm_atlas( 48, 1:4 ) = [ 1920 1920   1.595e+00   8.874 ];
data_hemm_atlas( 49, 1:4 ) = [ 1960 1960   1.689e+00   8.914 ];
data_hemm_atlas( 50, 1:4 ) = [ 2000 2000   1.799e+00   8.895 ];
