data_gemv_atlas(  1, 1:4 ) = [   40   40   1.000e-06   3.200 ];
data_gemv_atlas(  2, 1:4 ) = [   80   80   3.000e-06   4.267 ];
data_gemv_atlas(  3, 1:4 ) = [  120  120   6.000e-06   4.800 ];
data_gemv_atlas(  4, 1:4 ) = [  160  160   1.000e-05   5.120 ];
data_gemv_atlas(  5, 1:4 ) = [  200  200   1.600e-05   5.000 ];
data_gemv_atlas(  6, 1:4 ) = [  240  240   2.200e-05   5.236 ];
data_gemv_atlas(  7, 1:4 ) = [  280  280   3.000e-05   5.227 ];
data_gemv_atlas(  8, 1:4 ) = [  320  320   3.900e-05   5.251 ];
data_gemv_atlas(  9, 1:4 ) = [  360  360   4.900e-05   5.290 ];
data_gemv_atlas( 10, 1:4 ) = [  400  400   6.200e-05   5.161 ];
data_gemv_atlas( 11, 1:4 ) = [  440  440   7.500e-05   5.163 ];
data_gemv_atlas( 12, 1:4 ) = [  480  480   9.100e-05   5.064 ];
data_gemv_atlas( 13, 1:4 ) = [  520  520   2.050e-04   2.638 ];
data_gemv_atlas( 14, 1:4 ) = [  560  560   2.440e-04   2.570 ];
data_gemv_atlas( 15, 1:4 ) = [  600  600   2.790e-04   2.581 ];
data_gemv_atlas( 16, 1:4 ) = [  640  640   3.190e-04   2.568 ];
data_gemv_atlas( 17, 1:4 ) = [  680  680   3.750e-04   2.466 ];
data_gemv_atlas( 18, 1:4 ) = [  720  720   4.300e-04   2.411 ];
data_gemv_atlas( 19, 1:4 ) = [  760  760   4.770e-04   2.422 ];
data_gemv_atlas( 20, 1:4 ) = [  800  800   5.560e-04   2.302 ];
data_gemv_atlas( 21, 1:4 ) = [  840  840   5.900e-04   2.392 ];
data_gemv_atlas( 22, 1:4 ) = [  880  880   6.560e-04   2.361 ];
data_gemv_atlas( 23, 1:4 ) = [  920  920   7.110e-04   2.381 ];
data_gemv_atlas( 24, 1:4 ) = [  960  960   7.740e-04   2.381 ];
data_gemv_atlas( 25, 1:4 ) = [ 1000 1000   8.690e-04   2.301 ];
data_gemv_atlas( 26, 1:4 ) = [ 1040 1040   1.002e-03   2.159 ];
data_gemv_atlas( 27, 1:4 ) = [ 1080 1080   1.128e-03   2.068 ];
data_gemv_atlas( 28, 1:4 ) = [ 1120 1120   1.317e-03   1.905 ];
data_gemv_atlas( 29, 1:4 ) = [ 1160 1160   1.460e-03   1.843 ];
data_gemv_atlas( 30, 1:4 ) = [ 1200 1200   1.658e-03   1.737 ];
data_gemv_atlas( 31, 1:4 ) = [ 1240 1240   1.880e-03   1.636 ];
data_gemv_atlas( 32, 1:4 ) = [ 1280 1280   2.357e-03   1.390 ];
data_gemv_atlas( 33, 1:4 ) = [ 1320 1320   2.681e-03   1.300 ];
data_gemv_atlas( 34, 1:4 ) = [ 1360 1360   3.275e-03   1.130 ];
data_gemv_atlas( 35, 1:4 ) = [ 1400 1400   3.823e-03   1.025 ];
data_gemv_atlas( 36, 1:4 ) = [ 1440 1440   4.415e-03   0.939 ];
data_gemv_atlas( 37, 1:4 ) = [ 1480 1480   5.158e-03   0.849 ];
data_gemv_atlas( 38, 1:4 ) = [ 1520 1520   5.871e-03   0.787 ];
data_gemv_atlas( 39, 1:4 ) = [ 1560 1560   6.578e-03   0.740 ];
data_gemv_atlas( 40, 1:4 ) = [ 1600 1600   7.282e-03   0.703 ];
data_gemv_atlas( 41, 1:4 ) = [ 1640 1640   8.081e-03   0.666 ];
data_gemv_atlas( 42, 1:4 ) = [ 1680 1680   8.797e-03   0.642 ];
data_gemv_atlas( 43, 1:4 ) = [ 1720 1720   9.448e-03   0.626 ];
data_gemv_atlas( 44, 1:4 ) = [ 1760 1760   1.009e-02   0.614 ];
data_gemv_atlas( 45, 1:4 ) = [ 1800 1800   1.073e-02   0.604 ];
data_gemv_atlas( 46, 1:4 ) = [ 1840 1840   1.129e-02   0.600 ];
data_gemv_atlas( 47, 1:4 ) = [ 1880 1880   1.183e-02   0.598 ];
data_gemv_atlas( 48, 1:4 ) = [ 1920 1920   1.237e-02   0.596 ];
data_gemv_atlas( 49, 1:4 ) = [ 1960 1960   1.289e-02   0.596 ];
data_gemv_atlas( 50, 1:4 ) = [ 2000 2000   1.341e-02   0.596 ];
