data_her2_mkl(  1, 1:3 ) = [   40   1.000e-06   3.200 ];
data_her2_mkl(  2, 1:3 ) = [   80   3.000e-06   4.267 ];
data_her2_mkl(  3, 1:3 ) = [  120   7.000e-06   4.114 ];
data_her2_mkl(  4, 1:3 ) = [  160   1.200e-05   4.267 ];
data_her2_mkl(  5, 1:3 ) = [  200   2.000e-05   4.000 ];
data_her2_mkl(  6, 1:3 ) = [  240   2.600e-05   4.431 ];
data_her2_mkl(  7, 1:3 ) = [  280   3.700e-05   4.238 ];
data_her2_mkl(  8, 1:3 ) = [  320   4.600e-05   4.452 ];
data_her2_mkl(  9, 1:3 ) = [  360   6.400e-05   4.050 ];
data_her2_mkl( 10, 1:3 ) = [  400   9.100e-05   3.516 ];
data_her2_mkl( 11, 1:3 ) = [  440   1.460e-04   2.652 ];
data_her2_mkl( 12, 1:3 ) = [  480   1.970e-04   2.339 ];
data_her2_mkl( 13, 1:3 ) = [  520   3.390e-04   1.595 ];
data_her2_mkl( 14, 1:3 ) = [  560   3.920e-04   1.600 ];
data_her2_mkl( 15, 1:3 ) = [  600   5.340e-04   1.348 ];
data_her2_mkl( 16, 1:3 ) = [  640   6.190e-04   1.323 ];
data_her2_mkl( 17, 1:3 ) = [  680   7.600e-04   1.217 ];
data_her2_mkl( 18, 1:3 ) = [  720   8.480e-04   1.223 ];
data_her2_mkl( 19, 1:3 ) = [  760   9.850e-04   1.173 ];
data_her2_mkl( 20, 1:3 ) = [  800   1.094e-03   1.170 ];
data_her2_mkl( 21, 1:3 ) = [  840   1.232e-03   1.145 ];
data_her2_mkl( 22, 1:3 ) = [  880   1.337e-03   1.158 ];
data_her2_mkl( 23, 1:3 ) = [  920   1.501e-03   1.128 ];
data_her2_mkl( 24, 1:3 ) = [  960   1.620e-03   1.138 ];
data_her2_mkl( 25, 1:3 ) = [ 1000   1.814e-03   1.103 ];
data_her2_mkl( 26, 1:3 ) = [ 1040   1.963e-03   1.102 ];
data_her2_mkl( 27, 1:3 ) = [ 1080   2.158e-03   1.081 ];
data_her2_mkl( 28, 1:3 ) = [ 1120   2.329e-03   1.077 ];
data_her2_mkl( 29, 1:3 ) = [ 1160   2.572e-03   1.046 ];
data_her2_mkl( 30, 1:3 ) = [ 1200   2.734e-03   1.053 ];
data_her2_mkl( 31, 1:3 ) = [ 1240   3.037e-03   1.013 ];
data_her2_mkl( 32, 1:3 ) = [ 1280   3.267e-03   1.003 ];
data_her2_mkl( 33, 1:3 ) = [ 1320   3.569e-03   0.976 ];
data_her2_mkl( 34, 1:3 ) = [ 1360   3.791e-03   0.976 ];
data_her2_mkl( 35, 1:3 ) = [ 1400   4.135e-03   0.948 ];
data_her2_mkl( 36, 1:3 ) = [ 1440   4.346e-03   0.954 ];
data_her2_mkl( 37, 1:3 ) = [ 1480   4.727e-03   0.927 ];
data_her2_mkl( 38, 1:3 ) = [ 1520   5.065e-03   0.912 ];
data_her2_mkl( 39, 1:3 ) = [ 1560   5.426e-03   0.897 ];
data_her2_mkl( 40, 1:3 ) = [ 1600   5.621e-03   0.911 ];
data_her2_mkl( 41, 1:3 ) = [ 1640   5.945e-03   0.905 ];
data_her2_mkl( 42, 1:3 ) = [ 1680   6.331e-03   0.892 ];
data_her2_mkl( 43, 1:3 ) = [ 1720   6.696e-03   0.884 ];
data_her2_mkl( 44, 1:3 ) = [ 1760   6.987e-03   0.887 ];
data_her2_mkl( 45, 1:3 ) = [ 1800   7.363e-03   0.880 ];
data_her2_mkl( 46, 1:3 ) = [ 1840   7.730e-03   0.876 ];
data_her2_mkl( 47, 1:3 ) = [ 1880   8.072e-03   0.876 ];
data_her2_mkl( 48, 1:3 ) = [ 1920   8.366e-03   0.881 ];
data_her2_mkl( 49, 1:3 ) = [ 1960   8.615e-03   0.892 ];
data_her2_mkl( 50, 1:3 ) = [ 2000   9.104e-03   0.879 ];
