data_trsm_blis(  1, 1:4 ) = [   40   40   1.600e-05   4.000 ];
data_trsm_blis(  2, 1:4 ) = [   80   80   8.300e-05   6.169 ];
data_trsm_blis(  3, 1:4 ) = [  120  120   2.350e-04   7.353 ];
data_trsm_blis(  4, 1:4 ) = [  160  160   5.160e-04   7.938 ];
data_trsm_blis(  5, 1:4 ) = [  200  200   9.520e-04   8.403 ];
data_trsm_blis(  6, 1:4 ) = [  240  240   1.596e-03   8.662 ];
data_trsm_blis(  7, 1:4 ) = [  280  280   2.518e-03   8.718 ];
data_trsm_blis(  8, 1:4 ) = [  320  320   3.804e-03   8.614 ];
data_trsm_blis(  9, 1:4 ) = [  360  360   5.502e-03   8.480 ];
data_trsm_blis( 10, 1:4 ) = [  400  400   7.599e-03   8.422 ];
data_trsm_blis( 11, 1:4 ) = [  440  440   1.009e-02   8.441 ];
data_trsm_blis( 12, 1:4 ) = [  480  480   1.298e-02   8.518 ];
data_trsm_blis( 13, 1:4 ) = [  520  520   1.627e-02   8.644 ];
data_trsm_blis( 14, 1:4 ) = [  560  560   2.015e-02   8.715 ];
data_trsm_blis( 15, 1:4 ) = [  600  600   2.472e-02   8.739 ];
data_trsm_blis( 16, 1:4 ) = [  640  640   2.989e-02   8.770 ];
data_trsm_blis( 17, 1:4 ) = [  680  680   3.586e-02   8.768 ];
data_trsm_blis( 18, 1:4 ) = [  720  720   4.240e-02   8.802 ];
data_trsm_blis( 19, 1:4 ) = [  760  760   4.979e-02   8.817 ];
data_trsm_blis( 20, 1:4 ) = [  800  800   5.790e-02   8.842 ];
data_trsm_blis( 21, 1:4 ) = [  840  840   6.695e-02   8.853 ];
data_trsm_blis( 22, 1:4 ) = [  880  880   7.659e-02   8.898 ];
data_trsm_blis( 23, 1:4 ) = [  920  920   8.737e-02   8.912 ];
data_trsm_blis( 24, 1:4 ) = [  960  960   9.899e-02   8.937 ];
data_trsm_blis( 25, 1:4 ) = [ 1000 1000   1.119e-01   8.940 ];
data_trsm_blis( 26, 1:4 ) = [ 1040 1040   1.255e-01   8.960 ];
data_trsm_blis( 27, 1:4 ) = [ 1080 1080   1.402e-01   8.984 ];
data_trsm_blis( 28, 1:4 ) = [ 1120 1120   1.558e-01   9.017 ];
data_trsm_blis( 29, 1:4 ) = [ 1160 1160   1.728e-01   9.033 ];
data_trsm_blis( 30, 1:4 ) = [ 1200 1200   1.911e-01   9.042 ];
data_trsm_blis( 31, 1:4 ) = [ 1240 1240   2.107e-01   9.049 ];
data_trsm_blis( 32, 1:4 ) = [ 1280 1280   2.313e-01   9.067 ];
data_trsm_blis( 33, 1:4 ) = [ 1320 1320   2.527e-01   9.100 ];
data_trsm_blis( 34, 1:4 ) = [ 1360 1360   2.760e-01   9.115 ];
data_trsm_blis( 35, 1:4 ) = [ 1400 1400   3.007e-01   9.125 ];
data_trsm_blis( 36, 1:4 ) = [ 1440 1440   3.264e-01   9.149 ];
data_trsm_blis( 37, 1:4 ) = [ 1480 1480   3.542e-01   9.153 ];
data_trsm_blis( 38, 1:4 ) = [ 1520 1520   3.835e-01   9.156 ];
data_trsm_blis( 39, 1:4 ) = [ 1560 1560   4.143e-01   9.162 ];
data_trsm_blis( 40, 1:4 ) = [ 1600 1600   4.471e-01   9.162 ];
data_trsm_blis( 41, 1:4 ) = [ 1640 1640   4.803e-01   9.183 ];
data_trsm_blis( 42, 1:4 ) = [ 1680 1680   5.157e-01   9.194 ];
data_trsm_blis( 43, 1:4 ) = [ 1720 1720   5.537e-01   9.190 ];
data_trsm_blis( 44, 1:4 ) = [ 1760 1760   5.924e-01   9.203 ];
data_trsm_blis( 45, 1:4 ) = [ 1800 1800   6.337e-01   9.203 ];
data_trsm_blis( 46, 1:4 ) = [ 1840 1840   6.768e-01   9.204 ];
data_trsm_blis( 47, 1:4 ) = [ 1880 1880   7.226e-01   9.196 ];
data_trsm_blis( 48, 1:4 ) = [ 1920 1920   7.689e-01   9.205 ];
data_trsm_blis( 49, 1:4 ) = [ 1960 1960   8.191e-01   9.192 ];
data_trsm_blis( 50, 1:4 ) = [ 2000 2000   8.706e-01   9.189 ];
