data_gemm_mkl(  1, 1:5 ) = [   40   40   40   2.300e-05   5.565 ];
data_gemm_mkl(  2, 1:5 ) = [   80   80   80   1.120e-04   9.143 ];
data_gemm_mkl(  3, 1:5 ) = [  120  120  120   3.600e-04   9.600 ];
data_gemm_mkl(  4, 1:5 ) = [  160  160  160   8.440e-04   9.706 ];
data_gemm_mkl(  5, 1:5 ) = [  200  200  200   1.617e-03   9.895 ];
data_gemm_mkl(  6, 1:5 ) = [  240  240  240   2.770e-03   9.981 ];
data_gemm_mkl(  7, 1:5 ) = [  280  280  280   4.414e-03   9.947 ];
data_gemm_mkl(  8, 1:5 ) = [  320  320  320   6.569e-03   9.977 ];
data_gemm_mkl(  9, 1:5 ) = [  360  360  360   9.360e-03   9.969 ];
data_gemm_mkl( 10, 1:5 ) = [  400  400  400   1.286e-02   9.953 ];
data_gemm_mkl( 11, 1:5 ) = [  440  440  440   1.722e-02   9.892 ];
data_gemm_mkl( 12, 1:5 ) = [  480  480  480   2.276e-02   9.717 ];
data_gemm_mkl( 13, 1:5 ) = [  520  520  520   2.980e-02   9.437 ];
data_gemm_mkl( 14, 1:5 ) = [  560  560  560   3.662e-02   9.591 ];
data_gemm_mkl( 15, 1:5 ) = [  600  600  600   4.509e-02   9.581 ];
data_gemm_mkl( 16, 1:5 ) = [  640  640  640   5.456e-02   9.609 ];
data_gemm_mkl( 17, 1:5 ) = [  680  680  680   6.533e-02   9.626 ];
data_gemm_mkl( 18, 1:5 ) = [  720  720  720   7.747e-02   9.636 ];
data_gemm_mkl( 19, 1:5 ) = [  760  760  760   9.059e-02   9.692 ];
data_gemm_mkl( 20, 1:5 ) = [  800  800  800   1.070e-01   9.572 ];
data_gemm_mkl( 21, 1:5 ) = [  840  840  840   1.235e-01   9.596 ];
data_gemm_mkl( 22, 1:5 ) = [  880  880  880   1.420e-01   9.600 ];
data_gemm_mkl( 23, 1:5 ) = [  920  920  920   1.635e-01   9.526 ];
data_gemm_mkl( 24, 1:5 ) = [  960  960  960   1.851e-01   9.557 ];
data_gemm_mkl( 25, 1:5 ) = [ 1000 1000 1000   2.077e-01   9.628 ];
data_gemm_mkl( 26, 1:5 ) = [ 1040 1040 1040   2.353e-01   9.560 ];
data_gemm_mkl( 27, 1:5 ) = [ 1080 1080 1080   2.626e-01   9.595 ];
data_gemm_mkl( 28, 1:5 ) = [ 1120 1120 1120   2.927e-01   9.600 ];
data_gemm_mkl( 29, 1:5 ) = [ 1160 1160 1160   3.246e-01   9.616 ];
data_gemm_mkl( 30, 1:5 ) = [ 1200 1200 1200   3.579e-01   9.657 ];
data_gemm_mkl( 31, 1:5 ) = [ 1240 1240 1240   3.924e-01   9.717 ];
data_gemm_mkl( 32, 1:5 ) = [ 1280 1280 1280   4.327e-01   9.692 ];
data_gemm_mkl( 33, 1:5 ) = [ 1320 1320 1320   4.764e-01   9.656 ];
data_gemm_mkl( 34, 1:5 ) = [ 1360 1360 1360   5.220e-01   9.637 ];
data_gemm_mkl( 35, 1:5 ) = [ 1400 1400 1400   5.684e-01   9.654 ];
data_gemm_mkl( 36, 1:5 ) = [ 1440 1440 1440   6.185e-01   9.656 ];
data_gemm_mkl( 37, 1:5 ) = [ 1480 1480 1480   6.697e-01   9.681 ];
data_gemm_mkl( 38, 1:5 ) = [ 1520 1520 1520   7.214e-01   9.736 ];
data_gemm_mkl( 39, 1:5 ) = [ 1560 1560 1560   7.839e-01   9.686 ];
data_gemm_mkl( 40, 1:5 ) = [ 1600 1600 1600   8.474e-01   9.667 ];
data_gemm_mkl( 41, 1:5 ) = [ 1640 1640 1640   9.105e-01   9.689 ];
data_gemm_mkl( 42, 1:5 ) = [ 1680 1680 1680   9.784e-01   9.693 ];
data_gemm_mkl( 43, 1:5 ) = [ 1720 1720 1720   1.046e+00   9.731 ];
data_gemm_mkl( 44, 1:5 ) = [ 1760 1760 1760   1.118e+00   9.757 ];
data_gemm_mkl( 45, 1:5 ) = [ 1800 1800 1800   1.213e+00   9.618 ];
data_gemm_mkl( 46, 1:5 ) = [ 1840 1840 1840   1.288e+00   9.671 ];
data_gemm_mkl( 47, 1:5 ) = [ 1880 1880 1880   1.400e+00   9.495 ];
data_gemm_mkl( 48, 1:5 ) = [ 1920 1920 1920   1.464e+00   9.671 ];
data_gemm_mkl( 49, 1:5 ) = [ 1960 1960 1960   1.554e+00   9.688 ];
data_gemm_mkl( 50, 1:5 ) = [ 2000 2000 2000   1.652e+00   9.688 ];
