data_her_openblas(  1, 1:3 ) = [   40   1.000e-06   1.600 ];
data_her_openblas(  2, 1:3 ) = [   80   4.000e-06   1.600 ];
data_her_openblas(  3, 1:3 ) = [  120   8.000e-06   1.800 ];
data_her_openblas(  4, 1:3 ) = [  160   1.300e-05   1.969 ];
data_her_openblas(  5, 1:3 ) = [  200   1.800e-05   2.222 ];
data_her_openblas(  6, 1:3 ) = [  240   2.500e-05   2.304 ];
data_her_openblas(  7, 1:3 ) = [  280   3.200e-05   2.450 ];
data_her_openblas(  8, 1:3 ) = [  320   4.200e-05   2.438 ];
data_her_openblas(  9, 1:3 ) = [  360   7.300e-05   1.775 ];
data_her_openblas( 10, 1:3 ) = [  400   7.500e-05   2.133 ];
data_her_openblas( 11, 1:3 ) = [  440   1.170e-04   1.655 ];
data_her_openblas( 12, 1:3 ) = [  480   1.620e-04   1.422 ];
data_her_openblas( 13, 1:3 ) = [  520   2.750e-04   0.983 ];
data_her_openblas( 14, 1:3 ) = [  560   3.690e-04   0.850 ];
data_her_openblas( 15, 1:3 ) = [  600   4.880e-04   0.738 ];
data_her_openblas( 16, 1:3 ) = [  640   5.810e-04   0.705 ];
data_her_openblas( 17, 1:3 ) = [  680   6.950e-04   0.665 ];
data_her_openblas( 18, 1:3 ) = [  720   8.020e-04   0.646 ];
data_her_openblas( 19, 1:3 ) = [  760   9.200e-04   0.628 ];
data_her_openblas( 20, 1:3 ) = [  800   1.035e-03   0.618 ];
data_her_openblas( 21, 1:3 ) = [  840   1.151e-03   0.613 ];
data_her_openblas( 22, 1:3 ) = [  880   1.270e-03   0.610 ];
data_her_openblas( 23, 1:3 ) = [  920   1.410e-03   0.600 ];
data_her_openblas( 24, 1:3 ) = [  960   1.541e-03   0.598 ];
data_her_openblas( 25, 1:3 ) = [ 1000   1.705e-03   0.587 ];
data_her_openblas( 26, 1:3 ) = [ 1040   1.883e-03   0.574 ];
data_her_openblas( 27, 1:3 ) = [ 1080   2.073e-03   0.563 ];
data_her_openblas( 28, 1:3 ) = [ 1120   2.277e-03   0.551 ];
data_her_openblas( 29, 1:3 ) = [ 1160   2.498e-03   0.539 ];
data_her_openblas( 30, 1:3 ) = [ 1200   2.730e-03   0.527 ];
data_her_openblas( 31, 1:3 ) = [ 1240   2.964e-03   0.519 ];
data_her_openblas( 32, 1:3 ) = [ 1280   3.264e-03   0.502 ];
data_her_openblas( 33, 1:3 ) = [ 1320   3.504e-03   0.497 ];
data_her_openblas( 34, 1:3 ) = [ 1360   3.807e-03   0.486 ];
data_her_openblas( 35, 1:3 ) = [ 1400   4.109e-03   0.477 ];
data_her_openblas( 36, 1:3 ) = [ 1440   4.415e-03   0.470 ];
data_her_openblas( 37, 1:3 ) = [ 1480   4.731e-03   0.463 ];
data_her_openblas( 38, 1:3 ) = [ 1520   5.060e-03   0.457 ];
data_her_openblas( 39, 1:3 ) = [ 1560   5.369e-03   0.453 ];
data_her_openblas( 40, 1:3 ) = [ 1600   5.675e-03   0.451 ];
data_her_openblas( 41, 1:3 ) = [ 1640   6.017e-03   0.447 ];
data_her_openblas( 42, 1:3 ) = [ 1680   6.343e-03   0.445 ];
data_her_openblas( 43, 1:3 ) = [ 1720   6.685e-03   0.443 ];
data_her_openblas( 44, 1:3 ) = [ 1760   7.026e-03   0.441 ];
data_her_openblas( 45, 1:3 ) = [ 1800   7.360e-03   0.440 ];
data_her_openblas( 46, 1:3 ) = [ 1840   7.697e-03   0.440 ];
data_her_openblas( 47, 1:3 ) = [ 1880   8.054e-03   0.439 ];
data_her_openblas( 48, 1:3 ) = [ 1920   8.421e-03   0.438 ];
data_her_openblas( 49, 1:3 ) = [ 1960   8.768e-03   0.438 ];
data_her_openblas( 50, 1:3 ) = [ 2000   9.140e-03   0.438 ];
