data_hemv_atlas(  1, 1:3 ) = [   40   2.000e-06   1.600 ];
data_hemv_atlas(  2, 1:3 ) = [   80   6.000e-06   2.133 ];
data_hemv_atlas(  3, 1:3 ) = [  120   1.300e-05   2.215 ];
data_hemv_atlas(  4, 1:3 ) = [  160   2.800e-05   1.829 ];
data_hemv_atlas(  5, 1:3 ) = [  200   3.700e-05   2.162 ];
data_hemv_atlas(  6, 1:3 ) = [  240   4.000e-05   2.880 ];
data_hemv_atlas(  7, 1:3 ) = [  280   5.000e-05   3.136 ];
data_hemv_atlas(  8, 1:3 ) = [  320   6.100e-05   3.357 ];
data_hemv_atlas(  9, 1:3 ) = [  360   7.500e-05   3.456 ];
data_hemv_atlas( 10, 1:3 ) = [  400   9.000e-05   3.556 ];
data_hemv_atlas( 11, 1:3 ) = [  440   1.040e-04   3.723 ];
data_hemv_atlas( 12, 1:3 ) = [  480   1.230e-04   3.746 ];
data_hemv_atlas( 13, 1:3 ) = [  520   1.410e-04   3.835 ];
data_hemv_atlas( 14, 1:3 ) = [  560   1.590e-04   3.945 ];
data_hemv_atlas( 15, 1:3 ) = [  600   1.820e-04   3.956 ];
data_hemv_atlas( 16, 1:3 ) = [  640   2.050e-04   3.996 ];
data_hemv_atlas( 17, 1:3 ) = [  680   4.940e-04   1.872 ];
data_hemv_atlas( 18, 1:3 ) = [  720   4.170e-04   2.486 ];
data_hemv_atlas( 19, 1:3 ) = [  760   4.730e-04   2.442 ];
data_hemv_atlas( 20, 1:3 ) = [  800   5.420e-04   2.362 ];
data_hemv_atlas( 21, 1:3 ) = [  840   6.060e-04   2.329 ];
data_hemv_atlas( 22, 1:3 ) = [  880   6.740e-04   2.298 ];
data_hemv_atlas( 23, 1:3 ) = [  920   7.390e-04   2.291 ];
data_hemv_atlas( 24, 1:3 ) = [  960   8.070e-04   2.284 ];
data_hemv_atlas( 25, 1:3 ) = [ 1000   8.780e-04   2.278 ];
data_hemv_atlas( 26, 1:3 ) = [ 1040   9.510e-04   2.275 ];
data_hemv_atlas( 27, 1:3 ) = [ 1080   1.027e-03   2.271 ];
data_hemv_atlas( 28, 1:3 ) = [ 1120   1.103e-03   2.275 ];
data_hemv_atlas( 29, 1:3 ) = [ 1160   1.183e-03   2.275 ];
data_hemv_atlas( 30, 1:3 ) = [ 1200   1.265e-03   2.277 ];
data_hemv_atlas( 31, 1:3 ) = [ 1240   1.378e-03   2.232 ];
data_hemv_atlas( 32, 1:3 ) = [ 1280   1.453e-03   2.255 ];
data_hemv_atlas( 33, 1:3 ) = [ 1320   1.595e-03   2.185 ];
data_hemv_atlas( 34, 1:3 ) = [ 1360   1.739e-03   2.127 ];
data_hemv_atlas( 35, 1:3 ) = [ 1400   1.923e-03   2.038 ];
data_hemv_atlas( 36, 1:3 ) = [ 1440   2.089e-03   1.985 ];
data_hemv_atlas( 37, 1:3 ) = [ 1480   2.257e-03   1.941 ];
data_hemv_atlas( 38, 1:3 ) = [ 1520   2.483e-03   1.861 ];
data_hemv_atlas( 39, 1:3 ) = [ 1560   2.737e-03   1.778 ];
data_hemv_atlas( 40, 1:3 ) = [ 1600   2.942e-03   1.740 ];
data_hemv_atlas( 41, 1:3 ) = [ 1640   3.482e-03   1.545 ];
data_hemv_atlas( 42, 1:3 ) = [ 1680   3.701e-03   1.525 ];
data_hemv_atlas( 43, 1:3 ) = [ 1720   4.184e-03   1.414 ];
data_hemv_atlas( 44, 1:3 ) = [ 1760   4.628e-03   1.339 ];
data_hemv_atlas( 45, 1:3 ) = [ 1800   5.206e-03   1.245 ];
data_hemv_atlas( 46, 1:3 ) = [ 1840   5.666e-03   1.195 ];
data_hemv_atlas( 47, 1:3 ) = [ 1880   6.271e-03   1.127 ];
data_hemv_atlas( 48, 1:3 ) = [ 1920   6.895e-03   1.069 ];
data_hemv_atlas( 49, 1:3 ) = [ 1960   7.515e-03   1.022 ];
data_hemv_atlas( 50, 1:3 ) = [ 2000   8.195e-03   0.976 ];
