data_trsm_blis_nofus_sse_4x4(  1, 1:4 ) = [   40   40   2.000e-05   3.200 ];
data_trsm_blis_nofus_sse_4x4(  2, 1:4 ) = [   80   80   9.700e-05   5.278 ];
data_trsm_blis_nofus_sse_4x4(  3, 1:4 ) = [  120  120   2.680e-04   6.448 ];
data_trsm_blis_nofus_sse_4x4(  4, 1:4 ) = [  160  160   5.770e-04   7.099 ];
data_trsm_blis_nofus_sse_4x4(  5, 1:4 ) = [  200  200   1.042e-03   7.678 ];
data_trsm_blis_nofus_sse_4x4(  6, 1:4 ) = [  240  240   1.722e-03   8.028 ];
data_trsm_blis_nofus_sse_4x4(  7, 1:4 ) = [  280  280   2.697e-03   8.139 ];
data_trsm_blis_nofus_sse_4x4(  8, 1:4 ) = [  320  320   4.068e-03   8.055 ];
data_trsm_blis_nofus_sse_4x4(  9, 1:4 ) = [  360  360   5.854e-03   7.970 ];
data_trsm_blis_nofus_sse_4x4( 10, 1:4 ) = [  400  400   8.131e-03   7.871 ];
data_trsm_blis_nofus_sse_4x4( 11, 1:4 ) = [  440  440   1.082e-02   7.874 ];
data_trsm_blis_nofus_sse_4x4( 12, 1:4 ) = [  480  480   1.392e-02   7.945 ];
data_trsm_blis_nofus_sse_4x4( 13, 1:4 ) = [  520  520   1.728e-02   8.138 ];
data_trsm_blis_nofus_sse_4x4( 14, 1:4 ) = [  560  560   2.136e-02   8.222 ];
data_trsm_blis_nofus_sse_4x4( 15, 1:4 ) = [  600  600   2.615e-02   8.261 ];
data_trsm_blis_nofus_sse_4x4( 16, 1:4 ) = [  640  640   3.156e-02   8.306 ];
data_trsm_blis_nofus_sse_4x4( 17, 1:4 ) = [  680  680   3.782e-02   8.313 ];
data_trsm_blis_nofus_sse_4x4( 18, 1:4 ) = [  720  720   4.467e-02   8.357 ];
data_trsm_blis_nofus_sse_4x4( 19, 1:4 ) = [  760  760   5.236e-02   8.383 ];
data_trsm_blis_nofus_sse_4x4( 20, 1:4 ) = [  800  800   6.078e-02   8.424 ];
data_trsm_blis_nofus_sse_4x4( 21, 1:4 ) = [  840  840   7.020e-02   8.443 ];
data_trsm_blis_nofus_sse_4x4( 22, 1:4 ) = [  880  880   8.008e-02   8.510 ];
data_trsm_blis_nofus_sse_4x4( 23, 1:4 ) = [  920  920   9.129e-02   8.530 ];
data_trsm_blis_nofus_sse_4x4( 24, 1:4 ) = [  960  960   1.033e-01   8.562 ];
data_trsm_blis_nofus_sse_4x4( 25, 1:4 ) = [ 1000 1000   1.167e-01   8.572 ];
data_trsm_blis_nofus_sse_4x4( 26, 1:4 ) = [ 1040 1040   1.308e-01   8.599 ];
data_trsm_blis_nofus_sse_4x4( 27, 1:4 ) = [ 1080 1080   1.459e-01   8.633 ];
data_trsm_blis_nofus_sse_4x4( 28, 1:4 ) = [ 1120 1120   1.621e-01   8.666 ];
data_trsm_blis_nofus_sse_4x4( 29, 1:4 ) = [ 1160 1160   1.798e-01   8.682 ];
data_trsm_blis_nofus_sse_4x4( 30, 1:4 ) = [ 1200 1200   1.983e-01   8.713 ];
data_trsm_blis_nofus_sse_4x4( 31, 1:4 ) = [ 1240 1240   2.186e-01   8.721 ];
data_trsm_blis_nofus_sse_4x4( 32, 1:4 ) = [ 1280 1280   2.399e-01   8.741 ];
data_trsm_blis_nofus_sse_4x4( 33, 1:4 ) = [ 1320 1320   2.620e-01   8.778 ];
data_trsm_blis_nofus_sse_4x4( 34, 1:4 ) = [ 1360 1360   2.857e-01   8.804 ];
data_trsm_blis_nofus_sse_4x4( 35, 1:4 ) = [ 1400 1400   3.116e-01   8.806 ];
data_trsm_blis_nofus_sse_4x4( 36, 1:4 ) = [ 1440 1440   3.379e-01   8.837 ];
data_trsm_blis_nofus_sse_4x4( 37, 1:4 ) = [ 1480 1480   3.665e-01   8.845 ];
data_trsm_blis_nofus_sse_4x4( 38, 1:4 ) = [ 1520 1520   3.965e-01   8.857 ];
data_trsm_blis_nofus_sse_4x4( 39, 1:4 ) = [ 1560 1560   4.282e-01   8.866 ];
data_trsm_blis_nofus_sse_4x4( 40, 1:4 ) = [ 1600 1600   4.615e-01   8.875 ];
data_trsm_blis_nofus_sse_4x4( 41, 1:4 ) = [ 1640 1640   4.962e-01   8.889 ];
data_trsm_blis_nofus_sse_4x4( 42, 1:4 ) = [ 1680 1680   5.322e-01   8.909 ];
data_trsm_blis_nofus_sse_4x4( 43, 1:4 ) = [ 1720 1720   5.707e-01   8.916 ];
data_trsm_blis_nofus_sse_4x4( 44, 1:4 ) = [ 1760 1760   6.112e-01   8.920 ];
data_trsm_blis_nofus_sse_4x4( 45, 1:4 ) = [ 1800 1800   6.534e-01   8.925 ];
data_trsm_blis_nofus_sse_4x4( 46, 1:4 ) = [ 1840 1840   6.969e-01   8.939 ];
data_trsm_blis_nofus_sse_4x4( 47, 1:4 ) = [ 1880 1880   7.440e-01   8.932 ];
data_trsm_blis_nofus_sse_4x4( 48, 1:4 ) = [ 1920 1920   7.915e-01   8.943 ];
data_trsm_blis_nofus_sse_4x4( 49, 1:4 ) = [ 1960 1960   8.430e-01   8.932 ];
data_trsm_blis_nofus_sse_4x4( 50, 1:4 ) = [ 2000 2000   8.961e-01   8.928 ];
