data_trsv_blis(  1, 1:3 ) = [   40   2.000e-06   0.800 ];
data_trsv_blis(  2, 1:3 ) = [   80   3.000e-06   2.133 ];
data_trsv_blis(  3, 1:3 ) = [  120   6.000e-06   2.400 ];
data_trsv_blis(  4, 1:3 ) = [  160   8.000e-06   3.200 ];
data_trsv_blis(  5, 1:3 ) = [  200   1.200e-05   3.333 ];
data_trsv_blis(  6, 1:3 ) = [  240   1.600e-05   3.600 ];
data_trsv_blis(  7, 1:3 ) = [  280   2.100e-05   3.733 ];
data_trsv_blis(  8, 1:3 ) = [  320   2.500e-05   4.096 ];
data_trsv_blis(  9, 1:3 ) = [  360   3.200e-05   4.050 ];
data_trsv_blis( 10, 1:3 ) = [  400   4.100e-05   3.902 ];
data_trsv_blis( 11, 1:3 ) = [  440   4.700e-05   4.119 ];
data_trsv_blis( 12, 1:3 ) = [  480   5.300e-05   4.347 ];
data_trsv_blis( 13, 1:3 ) = [  520   6.500e-05   4.160 ];
data_trsv_blis( 14, 1:3 ) = [  560   7.600e-05   4.126 ];
data_trsv_blis( 15, 1:3 ) = [  600   8.600e-05   4.186 ];
data_trsv_blis( 16, 1:3 ) = [  640   9.900e-05   4.137 ];
data_trsv_blis( 17, 1:3 ) = [  680   1.120e-04   4.129 ];
data_trsv_blis( 18, 1:3 ) = [  720   1.330e-04   3.898 ];
data_trsv_blis( 19, 1:3 ) = [  760   1.490e-04   3.877 ];
data_trsv_blis( 20, 1:3 ) = [  800   1.710e-04   3.743 ];
data_trsv_blis( 21, 1:3 ) = [  840   2.110e-04   3.344 ];
data_trsv_blis( 22, 1:3 ) = [  880   2.600e-04   2.978 ];
data_trsv_blis( 23, 1:3 ) = [  920   3.060e-04   2.766 ];
data_trsv_blis( 24, 1:3 ) = [  960   3.470e-04   2.656 ];
data_trsv_blis( 25, 1:3 ) = [ 1000   3.980e-04   2.513 ];
data_trsv_blis( 26, 1:3 ) = [ 1040   4.550e-04   2.377 ];
data_trsv_blis( 27, 1:3 ) = [ 1080   4.830e-04   2.415 ];
data_trsv_blis( 28, 1:3 ) = [ 1120   5.260e-04   2.385 ];
data_trsv_blis( 29, 1:3 ) = [ 1160   5.730e-04   2.348 ];
data_trsv_blis( 30, 1:3 ) = [ 1200   6.290e-04   2.289 ];
data_trsv_blis( 31, 1:3 ) = [ 1240   6.710e-04   2.292 ];
data_trsv_blis( 32, 1:3 ) = [ 1280   7.080e-04   2.314 ];
data_trsv_blis( 33, 1:3 ) = [ 1320   7.730e-04   2.254 ];
data_trsv_blis( 34, 1:3 ) = [ 1360   8.250e-04   2.242 ];
data_trsv_blis( 35, 1:3 ) = [ 1400   8.850e-04   2.215 ];
data_trsv_blis( 36, 1:3 ) = [ 1440   9.470e-04   2.190 ];
data_trsv_blis( 37, 1:3 ) = [ 1480   1.014e-03   2.160 ];
data_trsv_blis( 38, 1:3 ) = [ 1520   1.106e-03   2.089 ];
data_trsv_blis( 39, 1:3 ) = [ 1560   1.204e-03   2.021 ];
data_trsv_blis( 40, 1:3 ) = [ 1600   1.326e-03   1.931 ];
data_trsv_blis( 41, 1:3 ) = [ 1640   1.526e-03   1.763 ];
data_trsv_blis( 42, 1:3 ) = [ 1680   1.730e-03   1.631 ];
data_trsv_blis( 43, 1:3 ) = [ 1720   1.899e-03   1.558 ];
data_trsv_blis( 44, 1:3 ) = [ 1760   2.114e-03   1.465 ];
data_trsv_blis( 45, 1:3 ) = [ 1800   2.412e-03   1.343 ];
data_trsv_blis( 46, 1:3 ) = [ 1840   2.674e-03   1.266 ];
data_trsv_blis( 47, 1:3 ) = [ 1880   3.139e-03   1.126 ];
data_trsv_blis( 48, 1:3 ) = [ 1920   3.551e-03   1.038 ];
data_trsv_blis( 49, 1:3 ) = [ 1960   4.062e-03   0.946 ];
data_trsv_blis( 50, 1:3 ) = [ 2000   4.589e-03   0.872 ];
