data_trmm_openblas(  1, 1:4 ) = [   40   40   1.300e-05   4.923 ];
data_trmm_openblas(  2, 1:4 ) = [   80   80   8.300e-05   6.169 ];
data_trmm_openblas(  3, 1:4 ) = [  120  120   2.380e-04   7.261 ];
data_trmm_openblas(  4, 1:4 ) = [  160  160   5.320e-04   7.699 ];
data_trmm_openblas(  5, 1:4 ) = [  200  200   9.540e-04   8.386 ];
data_trmm_openblas(  6, 1:4 ) = [  240  240   1.617e-03   8.549 ];
data_trmm_openblas(  7, 1:4 ) = [  280  280   2.557e-03   8.585 ];
data_trmm_openblas(  8, 1:4 ) = [  320  320   3.830e-03   8.556 ];
data_trmm_openblas(  9, 1:4 ) = [  360  360   5.491e-03   8.497 ];
data_trmm_openblas( 10, 1:4 ) = [  400  400   7.750e-03   8.258 ];
data_trmm_openblas( 11, 1:4 ) = [  440  440   1.016e-02   8.388 ];
data_trmm_openblas( 12, 1:4 ) = [  480  480   1.309e-02   8.446 ];
data_trmm_openblas( 13, 1:4 ) = [  520  520   1.700e-02   8.270 ];
data_trmm_openblas( 14, 1:4 ) = [  560  560   2.056e-02   8.540 ];
data_trmm_openblas( 15, 1:4 ) = [  600  600   2.500e-02   8.640 ];
data_trmm_openblas( 16, 1:4 ) = [  640  640   2.988e-02   8.774 ];
data_trmm_openblas( 17, 1:4 ) = [  680  680   3.615e-02   8.698 ];
data_trmm_openblas( 18, 1:4 ) = [  720  720   4.266e-02   8.749 ];
data_trmm_openblas( 19, 1:4 ) = [  760  760   4.982e-02   8.811 ];
data_trmm_openblas( 20, 1:4 ) = [  800  800   5.854e-02   8.747 ];
data_trmm_openblas( 21, 1:4 ) = [  840  840   6.730e-02   8.807 ];
data_trmm_openblas( 22, 1:4 ) = [  880  880   7.672e-02   8.883 ];
data_trmm_openblas( 23, 1:4 ) = [  920  920   8.723e-02   8.927 ];
data_trmm_openblas( 24, 1:4 ) = [  960  960   9.824e-02   9.005 ];
data_trmm_openblas( 25, 1:4 ) = [ 1000 1000   1.107e-01   9.036 ];
data_trmm_openblas( 26, 1:4 ) = [ 1040 1040   1.241e-01   9.062 ];
data_trmm_openblas( 27, 1:4 ) = [ 1080 1080   1.388e-01   9.077 ];
data_trmm_openblas( 28, 1:4 ) = [ 1120 1120   1.544e-01   9.099 ];
data_trmm_openblas( 29, 1:4 ) = [ 1160 1160   1.745e-01   8.946 ];
data_trmm_openblas( 30, 1:4 ) = [ 1200 1200   1.905e-01   9.071 ];
data_trmm_openblas( 31, 1:4 ) = [ 1240 1240   2.092e-01   9.116 ];
data_trmm_openblas( 32, 1:4 ) = [ 1280 1280   2.288e-01   9.167 ];
data_trmm_openblas( 33, 1:4 ) = [ 1320 1320   2.502e-01   9.194 ];
data_trmm_openblas( 34, 1:4 ) = [ 1360 1360   2.726e-01   9.228 ];
data_trmm_openblas( 35, 1:4 ) = [ 1400 1400   2.963e-01   9.261 ];
data_trmm_openblas( 36, 1:4 ) = [ 1440 1440   3.225e-01   9.260 ];
data_trmm_openblas( 37, 1:4 ) = [ 1480 1480   3.497e-01   9.271 ];
data_trmm_openblas( 38, 1:4 ) = [ 1520 1520   3.784e-01   9.281 ];
data_trmm_openblas( 39, 1:4 ) = [ 1560 1560   4.122e-01   9.209 ];
data_trmm_openblas( 40, 1:4 ) = [ 1600 1600   4.414e-01   9.279 ];
data_trmm_openblas( 41, 1:4 ) = [ 1640 1640   4.740e-01   9.306 ];
data_trmm_openblas( 42, 1:4 ) = [ 1680 1680   5.082e-01   9.330 ];
data_trmm_openblas( 43, 1:4 ) = [ 1720 1720   5.437e-01   9.359 ];
data_trmm_openblas( 44, 1:4 ) = [ 1760 1760   5.808e-01   9.386 ];
data_trmm_openblas( 45, 1:4 ) = [ 1800 1800   6.210e-01   9.391 ];
data_trmm_openblas( 46, 1:4 ) = [ 1840 1840   6.624e-01   9.405 ];
data_trmm_openblas( 47, 1:4 ) = [ 1880 1880   7.068e-01   9.401 ];
data_trmm_openblas( 48, 1:4 ) = [ 1920 1920   7.476e-01   9.468 ];
data_trmm_openblas( 49, 1:4 ) = [ 1960 1960   8.021e-01   9.388 ];
data_trmm_openblas( 50, 1:4 ) = [ 2000 2000   8.495e-01   9.417 ];
