data_trmm_atlas(  1, 1:4 ) = [   40   40   4.800e-05   1.333 ];
data_trmm_atlas(  2, 1:4 ) = [   80   80   1.230e-04   4.163 ];
data_trmm_atlas(  3, 1:4 ) = [  120  120   3.100e-04   5.574 ];
data_trmm_atlas(  4, 1:4 ) = [  160  160   7.740e-04   5.292 ];
data_trmm_atlas(  5, 1:4 ) = [  200  200   1.260e-03   6.349 ];
data_trmm_atlas(  6, 1:4 ) = [  240  240   1.966e-03   7.032 ];
data_trmm_atlas(  7, 1:4 ) = [  280  280   2.988e-03   7.347 ];
data_trmm_atlas(  8, 1:4 ) = [  320  320   4.538e-03   7.221 ];
data_trmm_atlas(  9, 1:4 ) = [  360  360   6.163e-03   7.570 ];
data_trmm_atlas( 10, 1:4 ) = [  400  400   8.247e-03   7.760 ];
data_trmm_atlas( 11, 1:4 ) = [  440  440   1.118e-02   7.622 ];
data_trmm_atlas( 12, 1:4 ) = [  480  480   1.401e-02   7.896 ];
data_trmm_atlas( 13, 1:4 ) = [  520  520   1.757e-02   8.001 ];
data_trmm_atlas( 14, 1:4 ) = [  560  560   2.162e-02   8.122 ];
data_trmm_atlas( 15, 1:4 ) = [  600  600   2.680e-02   8.061 ];
data_trmm_atlas( 16, 1:4 ) = [  640  640   3.195e-02   8.205 ];
data_trmm_atlas( 17, 1:4 ) = [  680  680   3.797e-02   8.281 ];
data_trmm_atlas( 18, 1:4 ) = [  720  720   4.551e-02   8.202 ];
data_trmm_atlas( 19, 1:4 ) = [  760  760   5.285e-02   8.306 ];
data_trmm_atlas( 20, 1:4 ) = [  800  800   6.136e-02   8.344 ];
data_trmm_atlas( 21, 1:4 ) = [  840  840   7.069e-02   8.385 ];
data_trmm_atlas( 22, 1:4 ) = [  880  880   8.199e-02   8.311 ];
data_trmm_atlas( 23, 1:4 ) = [  920  920   9.297e-02   8.376 ];
data_trmm_atlas( 24, 1:4 ) = [  960  960   1.056e-01   8.377 ];
data_trmm_atlas( 25, 1:4 ) = [ 1000 1000   1.202e-01   8.317 ];
data_trmm_atlas( 26, 1:4 ) = [ 1040 1040   1.348e-01   8.344 ];
data_trmm_atlas( 27, 1:4 ) = [ 1080 1080   1.503e-01   8.383 ];
data_trmm_atlas( 28, 1:4 ) = [ 1120 1120   1.667e-01   8.428 ];
data_trmm_atlas( 29, 1:4 ) = [ 1160 1160   1.860e-01   8.394 ];
data_trmm_atlas( 30, 1:4 ) = [ 1200 1200   2.053e-01   8.418 ];
data_trmm_atlas( 31, 1:4 ) = [ 1240 1240   2.256e-01   8.450 ];
data_trmm_atlas( 32, 1:4 ) = [ 1280 1280   2.482e-01   8.449 ];
data_trmm_atlas( 33, 1:4 ) = [ 1320 1320   2.743e-01   8.386 ];
data_trmm_atlas( 34, 1:4 ) = [ 1360 1360   2.988e-01   8.418 ];
data_trmm_atlas( 35, 1:4 ) = [ 1400 1400   3.245e-01   8.457 ];
data_trmm_atlas( 36, 1:4 ) = [ 1440 1440   3.536e-01   8.444 ];
data_trmm_atlas( 37, 1:4 ) = [ 1480 1480   3.829e-01   8.466 ];
data_trmm_atlas( 38, 1:4 ) = [ 1520 1520   4.143e-01   8.476 ];
data_trmm_atlas( 39, 1:4 ) = [ 1560 1560   4.483e-01   8.469 ];
data_trmm_atlas( 40, 1:4 ) = [ 1600 1600   4.808e-01   8.520 ];
data_trmm_atlas( 41, 1:4 ) = [ 1640 1640   5.171e-01   8.529 ];
data_trmm_atlas( 42, 1:4 ) = [ 1680 1680   5.531e-01   8.572 ];
data_trmm_atlas( 43, 1:4 ) = [ 1720 1720   5.952e-01   8.550 ];
data_trmm_atlas( 44, 1:4 ) = [ 1760 1760   6.357e-01   8.576 ];
data_trmm_atlas( 45, 1:4 ) = [ 1800 1800   6.796e-01   8.581 ];
data_trmm_atlas( 46, 1:4 ) = [ 1840 1840   7.248e-01   8.595 ];
data_trmm_atlas( 47, 1:4 ) = [ 1880 1880   7.713e-01   8.615 ];
data_trmm_atlas( 48, 1:4 ) = [ 1920 1920   8.206e-01   8.626 ];
data_trmm_atlas( 49, 1:4 ) = [ 1960 1960   8.697e-01   8.658 ];
data_trmm_atlas( 50, 1:4 ) = [ 2000 2000   9.258e-01   8.642 ];
