data_trmm_mkl(  1, 1:4 ) = [   40   40   1.000e-05   6.400 ];
data_trmm_mkl(  2, 1:4 ) = [   80   80   7.100e-05   7.211 ];
data_trmm_mkl(  3, 1:4 ) = [  120  120   2.120e-04   8.151 ];
data_trmm_mkl(  4, 1:4 ) = [  160  160   4.860e-04   8.428 ];
data_trmm_mkl(  5, 1:4 ) = [  200  200   9.160e-04   8.734 ];
data_trmm_mkl(  6, 1:4 ) = [  240  240   1.537e-03   8.994 ];
data_trmm_mkl(  7, 1:4 ) = [  280  280   2.407e-03   9.120 ];
data_trmm_mkl(  8, 1:4 ) = [  320  320   3.535e-03   9.270 ];
data_trmm_mkl(  9, 1:4 ) = [  360  360   5.025e-03   9.285 ];
data_trmm_mkl( 10, 1:4 ) = [  400  400   6.910e-03   9.262 ];
data_trmm_mkl( 11, 1:4 ) = [  440  440   9.207e-03   9.252 ];
data_trmm_mkl( 12, 1:4 ) = [  480  480   1.199e-02   9.228 ];
data_trmm_mkl( 13, 1:4 ) = [  520  520   1.547e-02   9.088 ];
data_trmm_mkl( 14, 1:4 ) = [  560  560   1.914e-02   9.176 ];
data_trmm_mkl( 15, 1:4 ) = [  600  600   2.370e-02   9.112 ];
data_trmm_mkl( 16, 1:4 ) = [  640  640   2.892e-02   9.063 ];
data_trmm_mkl( 17, 1:4 ) = [  680  680   3.468e-02   9.067 ];
data_trmm_mkl( 18, 1:4 ) = [  720  720   4.114e-02   9.072 ];
data_trmm_mkl( 19, 1:4 ) = [  760  760   4.847e-02   9.057 ];
data_trmm_mkl( 20, 1:4 ) = [  800  800   5.632e-02   9.091 ];
data_trmm_mkl( 21, 1:4 ) = [  840  840   6.522e-02   9.087 ];
data_trmm_mkl( 22, 1:4 ) = [  880  880   7.483e-02   9.107 ];
data_trmm_mkl( 23, 1:4 ) = [  920  920   8.572e-02   9.084 ];
data_trmm_mkl( 24, 1:4 ) = [  960  960   9.725e-02   9.097 ];
data_trmm_mkl( 25, 1:4 ) = [ 1000 1000   1.099e-01   9.102 ];
data_trmm_mkl( 26, 1:4 ) = [ 1040 1040   1.239e-01   9.076 ];
data_trmm_mkl( 27, 1:4 ) = [ 1080 1080   1.387e-01   9.085 ];
data_trmm_mkl( 28, 1:4 ) = [ 1120 1120   1.548e-01   9.075 ];
data_trmm_mkl( 29, 1:4 ) = [ 1160 1160   1.723e-01   9.062 ];
data_trmm_mkl( 30, 1:4 ) = [ 1200 1200   1.898e-01   9.102 ];
data_trmm_mkl( 31, 1:4 ) = [ 1240 1240   2.091e-01   9.119 ];
data_trmm_mkl( 32, 1:4 ) = [ 1280 1280   2.316e-01   9.055 ];
data_trmm_mkl( 33, 1:4 ) = [ 1320 1320   2.523e-01   9.117 ];
data_trmm_mkl( 34, 1:4 ) = [ 1360 1360   2.758e-01   9.119 ];
data_trmm_mkl( 35, 1:4 ) = [ 1400 1400   3.004e-01   9.133 ];
data_trmm_mkl( 36, 1:4 ) = [ 1440 1440   3.273e-01   9.124 ];
data_trmm_mkl( 37, 1:4 ) = [ 1480 1480   3.550e-01   9.132 ];
data_trmm_mkl( 38, 1:4 ) = [ 1520 1520   3.828e-01   9.175 ];
data_trmm_mkl( 39, 1:4 ) = [ 1560 1560   4.116e-01   9.223 ];
data_trmm_mkl( 40, 1:4 ) = [ 1600 1600   4.459e-01   9.186 ];
data_trmm_mkl( 41, 1:4 ) = [ 1640 1640   4.816e-01   9.158 ];
data_trmm_mkl( 42, 1:4 ) = [ 1680 1680   5.179e-01   9.156 ];
data_trmm_mkl( 43, 1:4 ) = [ 1720 1720   5.523e-01   9.213 ];
data_trmm_mkl( 44, 1:4 ) = [ 1760 1760   5.921e-01   9.208 ];
data_trmm_mkl( 45, 1:4 ) = [ 1800 1800   6.341e-01   9.198 ];
data_trmm_mkl( 46, 1:4 ) = [ 1840 1840   6.763e-01   9.211 ];
data_trmm_mkl( 47, 1:4 ) = [ 1880 1880   7.429e-01   8.945 ];
data_trmm_mkl( 48, 1:4 ) = [ 1920 1920   7.683e-01   9.212 ];
data_trmm_mkl( 49, 1:4 ) = [ 1960 1960   8.172e-01   9.214 ];
data_trmm_mkl( 50, 1:4 ) = [ 2000 2000   8.667e-01   9.230 ];
