data_trmv_openblas(  1, 1:3 ) = [   40   1.000e-06   1.600 ];
data_trmv_openblas(  2, 1:3 ) = [   80   3.000e-06   2.133 ];
data_trmv_openblas(  3, 1:3 ) = [  120   7.000e-06   2.057 ];
data_trmv_openblas(  4, 1:3 ) = [  160   1.100e-05   2.327 ];
data_trmv_openblas(  5, 1:3 ) = [  200   1.600e-05   2.500 ];
data_trmv_openblas(  6, 1:3 ) = [  240   2.200e-05   2.618 ];
data_trmv_openblas(  7, 1:3 ) = [  280   2.900e-05   2.703 ];
data_trmv_openblas(  8, 1:3 ) = [  320   3.800e-05   2.695 ];
data_trmv_openblas(  9, 1:3 ) = [  360   4.700e-05   2.757 ];
data_trmv_openblas( 10, 1:3 ) = [  400   5.700e-05   2.807 ];
data_trmv_openblas( 11, 1:3 ) = [  440   6.900e-05   2.806 ];
data_trmv_openblas( 12, 1:3 ) = [  480   8.100e-05   2.844 ];
data_trmv_openblas( 13, 1:3 ) = [  520   9.500e-05   2.846 ];
data_trmv_openblas( 14, 1:3 ) = [  560   1.080e-04   2.904 ];
data_trmv_openblas( 15, 1:3 ) = [  600   1.240e-04   2.903 ];
data_trmv_openblas( 16, 1:3 ) = [  640   1.410e-04   2.905 ];
data_trmv_openblas( 17, 1:3 ) = [  680   1.640e-04   2.820 ];
data_trmv_openblas( 18, 1:3 ) = [  720   1.900e-04   2.728 ];
data_trmv_openblas( 19, 1:3 ) = [  760   2.240e-04   2.579 ];
data_trmv_openblas( 20, 1:3 ) = [  800   2.610e-04   2.452 ];
data_trmv_openblas( 21, 1:3 ) = [  840   3.050e-04   2.313 ];
data_trmv_openblas( 22, 1:3 ) = [  880   3.550e-04   2.181 ];
data_trmv_openblas( 23, 1:3 ) = [  920   4.060e-04   2.085 ];
data_trmv_openblas( 24, 1:3 ) = [  960   4.510e-04   2.043 ];
data_trmv_openblas( 25, 1:3 ) = [ 1000   5.050e-04   1.980 ];
data_trmv_openblas( 26, 1:3 ) = [ 1040   5.620e-04   1.925 ];
data_trmv_openblas( 27, 1:3 ) = [ 1080   6.000e-04   1.944 ];
data_trmv_openblas( 28, 1:3 ) = [ 1120   6.500e-04   1.930 ];
data_trmv_openblas( 29, 1:3 ) = [ 1160   7.040e-04   1.911 ];
data_trmv_openblas( 30, 1:3 ) = [ 1200   7.580e-04   1.900 ];
data_trmv_openblas( 31, 1:3 ) = [ 1240   8.070e-04   1.905 ];
data_trmv_openblas( 32, 1:3 ) = [ 1280   8.510e-04   1.925 ];
data_trmv_openblas( 33, 1:3 ) = [ 1320   9.080e-04   1.919 ];
data_trmv_openblas( 34, 1:3 ) = [ 1360   9.670e-04   1.913 ];
data_trmv_openblas( 35, 1:3 ) = [ 1400   1.031e-03   1.901 ];
data_trmv_openblas( 36, 1:3 ) = [ 1440   1.088e-03   1.906 ];
data_trmv_openblas( 37, 1:3 ) = [ 1480   1.194e-03   1.835 ];
data_trmv_openblas( 38, 1:3 ) = [ 1520   1.260e-03   1.834 ];
data_trmv_openblas( 39, 1:3 ) = [ 1560   1.390e-03   1.751 ];
data_trmv_openblas( 40, 1:3 ) = [ 1600   1.511e-03   1.694 ];
data_trmv_openblas( 41, 1:3 ) = [ 1640   1.619e-03   1.661 ];
data_trmv_openblas( 42, 1:3 ) = [ 1680   1.909e-03   1.478 ];
data_trmv_openblas( 43, 1:3 ) = [ 1720   1.990e-03   1.487 ];
data_trmv_openblas( 44, 1:3 ) = [ 1760   2.530e-03   1.224 ];
data_trmv_openblas( 45, 1:3 ) = [ 1800   2.785e-03   1.163 ];
data_trmv_openblas( 46, 1:3 ) = [ 1840   3.261e-03   1.038 ];
data_trmv_openblas( 47, 1:3 ) = [ 1880   3.577e-03   0.988 ];
data_trmv_openblas( 48, 1:3 ) = [ 1920   4.260e-03   0.865 ];
data_trmv_openblas( 49, 1:3 ) = [ 1960   4.653e-03   0.826 ];
data_trmv_openblas( 50, 1:3 ) = [ 2000   5.460e-03   0.733 ];
