data_trmv_mkl(  1, 1:3 ) = [   40   2.000e-06   0.800 ];
data_trmv_mkl(  2, 1:3 ) = [   80   2.000e-06   3.200 ];
data_trmv_mkl(  3, 1:3 ) = [  120   5.000e-06   2.880 ];
data_trmv_mkl(  4, 1:3 ) = [  160   7.000e-06   3.657 ];
data_trmv_mkl(  5, 1:3 ) = [  200   1.000e-05   4.000 ];
data_trmv_mkl(  6, 1:3 ) = [  240   1.400e-05   4.114 ];
data_trmv_mkl(  7, 1:3 ) = [  280   1.800e-05   4.356 ];
data_trmv_mkl(  8, 1:3 ) = [  320   2.300e-05   4.452 ];
data_trmv_mkl(  9, 1:3 ) = [  360   2.900e-05   4.469 ];
data_trmv_mkl( 10, 1:3 ) = [  400   3.600e-05   4.444 ];
data_trmv_mkl( 11, 1:3 ) = [  440   4.300e-05   4.502 ];
data_trmv_mkl( 12, 1:3 ) = [  480   5.000e-05   4.608 ];
data_trmv_mkl( 13, 1:3 ) = [  520   5.800e-05   4.662 ];
data_trmv_mkl( 14, 1:3 ) = [  560   6.800e-05   4.612 ];
data_trmv_mkl( 15, 1:3 ) = [  600   7.800e-05   4.615 ];
data_trmv_mkl( 16, 1:3 ) = [  640   8.900e-05   4.602 ];
data_trmv_mkl( 17, 1:3 ) = [  680   1.050e-04   4.404 ];
data_trmv_mkl( 18, 1:3 ) = [  720   1.250e-04   4.147 ];
data_trmv_mkl( 19, 1:3 ) = [  760   1.480e-04   3.903 ];
data_trmv_mkl( 20, 1:3 ) = [  800   1.780e-04   3.596 ];
data_trmv_mkl( 21, 1:3 ) = [  840   2.120e-04   3.328 ];
data_trmv_mkl( 22, 1:3 ) = [  880   2.590e-04   2.990 ];
data_trmv_mkl( 23, 1:3 ) = [  920   3.020e-04   2.803 ];
data_trmv_mkl( 24, 1:3 ) = [  960   3.500e-04   2.633 ];
data_trmv_mkl( 25, 1:3 ) = [ 1000   4.080e-04   2.451 ];
data_trmv_mkl( 26, 1:3 ) = [ 1040   4.640e-04   2.331 ];
data_trmv_mkl( 27, 1:3 ) = [ 1080   5.020e-04   2.324 ];
data_trmv_mkl( 28, 1:3 ) = [ 1120   5.460e-04   2.297 ];
data_trmv_mkl( 29, 1:3 ) = [ 1160   6.020e-04   2.235 ];
data_trmv_mkl( 30, 1:3 ) = [ 1200   6.420e-04   2.243 ];
data_trmv_mkl( 31, 1:3 ) = [ 1240   6.920e-04   2.222 ];
data_trmv_mkl( 32, 1:3 ) = [ 1280   7.520e-04   2.179 ];
data_trmv_mkl( 33, 1:3 ) = [ 1320   7.900e-04   2.206 ];
data_trmv_mkl( 34, 1:3 ) = [ 1360   8.670e-04   2.133 ];
data_trmv_mkl( 35, 1:3 ) = [ 1400   9.170e-04   2.137 ];
data_trmv_mkl( 36, 1:3 ) = [ 1440   9.710e-04   2.136 ];
data_trmv_mkl( 37, 1:3 ) = [ 1480   1.092e-03   2.006 ];
data_trmv_mkl( 38, 1:3 ) = [ 1520   1.209e-03   1.911 ];
data_trmv_mkl( 39, 1:3 ) = [ 1560   1.285e-03   1.894 ];
data_trmv_mkl( 40, 1:3 ) = [ 1600   1.507e-03   1.699 ];
data_trmv_mkl( 41, 1:3 ) = [ 1640   1.551e-03   1.734 ];
data_trmv_mkl( 42, 1:3 ) = [ 1680   1.753e-03   1.610 ];
data_trmv_mkl( 43, 1:3 ) = [ 1720   1.920e-03   1.541 ];
data_trmv_mkl( 44, 1:3 ) = [ 1760   2.363e-03   1.311 ];
data_trmv_mkl( 45, 1:3 ) = [ 1800   2.641e-03   1.227 ];
data_trmv_mkl( 46, 1:3 ) = [ 1840   3.001e-03   1.128 ];
data_trmv_mkl( 47, 1:3 ) = [ 1880   3.339e-03   1.059 ];
data_trmv_mkl( 48, 1:3 ) = [ 1920   3.824e-03   0.964 ];
data_trmv_mkl( 49, 1:3 ) = [ 1960   4.261e-03   0.902 ];
data_trmv_mkl( 50, 1:3 ) = [ 2000   4.828e-03   0.829 ];
