data_trsm_mkl(  1, 1:4 ) = [   40   40   1.300e-05   4.923 ];
data_trsm_mkl(  2, 1:4 ) = [   80   80   7.300e-05   7.014 ];
data_trsm_mkl(  3, 1:4 ) = [  120  120   2.210e-04   7.819 ];
data_trsm_mkl(  4, 1:4 ) = [  160  160   4.970e-04   8.241 ];
data_trsm_mkl(  5, 1:4 ) = [  200  200   9.360e-04   8.547 ];
data_trsm_mkl(  6, 1:4 ) = [  240  240   1.570e-03   8.805 ];
data_trsm_mkl(  7, 1:4 ) = [  280  280   2.449e-03   8.964 ];
data_trsm_mkl(  8, 1:4 ) = [  320  320   3.600e-03   9.102 ];
data_trsm_mkl(  9, 1:4 ) = [  360  360   5.102e-03   9.145 ];
data_trsm_mkl( 10, 1:4 ) = [  400  400   7.014e-03   9.125 ];
data_trsm_mkl( 11, 1:4 ) = [  440  440   9.334e-03   9.126 ];
data_trsm_mkl( 12, 1:4 ) = [  480  480   1.216e-02   9.091 ];
data_trsm_mkl( 13, 1:4 ) = [  520  520   1.570e-02   8.958 ];
data_trsm_mkl( 14, 1:4 ) = [  560  560   1.937e-02   9.066 ];
data_trsm_mkl( 15, 1:4 ) = [  600  600   2.399e-02   9.003 ];
data_trsm_mkl( 16, 1:4 ) = [  640  640   2.907e-02   9.017 ];
data_trsm_mkl( 17, 1:4 ) = [  680  680   3.487e-02   9.017 ];
data_trsm_mkl( 18, 1:4 ) = [  720  720   4.148e-02   8.999 ];
data_trsm_mkl( 19, 1:4 ) = [  760  760   4.881e-02   8.994 ];
data_trsm_mkl( 20, 1:4 ) = [  800  800   5.685e-02   9.006 ];
data_trsm_mkl( 21, 1:4 ) = [  840  840   6.577e-02   9.011 ];
data_trsm_mkl( 22, 1:4 ) = [  880  880   7.554e-02   9.021 ];
data_trsm_mkl( 23, 1:4 ) = [  920  920   8.640e-02   9.012 ];
data_trsm_mkl( 24, 1:4 ) = [  960  960   9.796e-02   9.031 ];
data_trsm_mkl( 25, 1:4 ) = [ 1000 1000   1.105e-01   9.053 ];
data_trsm_mkl( 26, 1:4 ) = [ 1040 1040   1.244e-01   9.045 ];
data_trsm_mkl( 27, 1:4 ) = [ 1080 1080   1.395e-01   9.029 ];
data_trsm_mkl( 28, 1:4 ) = [ 1120 1120   1.557e-01   9.023 ];
data_trsm_mkl( 29, 1:4 ) = [ 1160 1160   1.728e-01   9.032 ];
data_trsm_mkl( 30, 1:4 ) = [ 1200 1200   1.901e-01   9.092 ];
data_trsm_mkl( 31, 1:4 ) = [ 1240 1240   2.093e-01   9.110 ];
data_trsm_mkl( 32, 1:4 ) = [ 1280 1280   2.318e-01   9.046 ];
data_trsm_mkl( 33, 1:4 ) = [ 1320 1320   2.524e-01   9.111 ];
data_trsm_mkl( 34, 1:4 ) = [ 1360 1360   2.754e-01   9.133 ];
data_trsm_mkl( 35, 1:4 ) = [ 1400 1400   3.002e-01   9.139 ];
data_trsm_mkl( 36, 1:4 ) = [ 1440 1440   3.271e-01   9.129 ];
data_trsm_mkl( 37, 1:4 ) = [ 1480 1480   3.550e-01   9.132 ];
data_trsm_mkl( 38, 1:4 ) = [ 1520 1520   3.821e-01   9.190 ];
data_trsm_mkl( 39, 1:4 ) = [ 1560 1560   4.106e-01   9.246 ];
data_trsm_mkl( 40, 1:4 ) = [ 1600 1600   4.459e-01   9.187 ];
data_trsm_mkl( 41, 1:4 ) = [ 1640 1640   4.810e-01   9.171 ];
data_trsm_mkl( 42, 1:4 ) = [ 1680 1680   5.172e-01   9.168 ];
data_trsm_mkl( 43, 1:4 ) = [ 1720 1720   5.512e-01   9.232 ];
data_trsm_mkl( 44, 1:4 ) = [ 1760 1760   5.911e-01   9.223 ];
data_trsm_mkl( 45, 1:4 ) = [ 1800 1800   6.324e-01   9.222 ];
data_trsm_mkl( 46, 1:4 ) = [ 1840 1840   6.749e-01   9.231 ];
data_trsm_mkl( 47, 1:4 ) = [ 1880 1880   7.425e-01   8.949 ];
data_trsm_mkl( 48, 1:4 ) = [ 1920 1920   7.657e-01   9.243 ];
data_trsm_mkl( 49, 1:4 ) = [ 1960 1960   8.157e-01   9.230 ];
data_trsm_mkl( 50, 1:4 ) = [ 2000 2000   8.666e-01   9.231 ];
