data_trsm_atlas(  1, 1:4 ) = [   40   40   1.900e-05   3.368 ];
data_trsm_atlas(  2, 1:4 ) = [   80   80   1.140e-04   4.491 ];
data_trsm_atlas(  3, 1:4 ) = [  120  120   3.150e-04   5.486 ];
data_trsm_atlas(  4, 1:4 ) = [  160  160   7.060e-04   5.802 ];
data_trsm_atlas(  5, 1:4 ) = [  200  200   1.239e-03   6.457 ];
data_trsm_atlas(  6, 1:4 ) = [  240  240   1.990e-03   6.947 ];
data_trsm_atlas(  7, 1:4 ) = [  280  280   3.048e-03   7.202 ];
data_trsm_atlas(  8, 1:4 ) = [  320  320   4.489e-03   7.300 ];
data_trsm_atlas(  9, 1:4 ) = [  360  360   6.193e-03   7.534 ];
data_trsm_atlas( 10, 1:4 ) = [  400  400   8.347e-03   7.667 ];
data_trsm_atlas( 11, 1:4 ) = [  440  440   1.107e-02   7.695 ];
data_trsm_atlas( 12, 1:4 ) = [  480  480   1.402e-02   7.887 ];
data_trsm_atlas( 13, 1:4 ) = [  520  520   1.772e-02   7.936 ];
data_trsm_atlas( 14, 1:4 ) = [  560  560   2.180e-02   8.055 ];
data_trsm_atlas( 15, 1:4 ) = [  600  600   2.674e-02   8.077 ];
data_trsm_atlas( 16, 1:4 ) = [  640  640   3.207e-02   8.174 ];
data_trsm_atlas( 17, 1:4 ) = [  680  680   3.821e-02   8.230 ];
data_trsm_atlas( 18, 1:4 ) = [  720  720   4.537e-02   8.226 ];
data_trsm_atlas( 19, 1:4 ) = [  760  760   5.298e-02   8.286 ];
data_trsm_atlas( 20, 1:4 ) = [  800  800   6.156e-02   8.317 ];
data_trsm_atlas( 21, 1:4 ) = [  840  840   7.102e-02   8.346 ];
data_trsm_atlas( 22, 1:4 ) = [  880  880   8.184e-02   8.327 ];
data_trsm_atlas( 23, 1:4 ) = [  920  920   9.307e-02   8.366 ];
data_trsm_atlas( 24, 1:4 ) = [  960  960   1.058e-01   8.363 ];
data_trsm_atlas( 25, 1:4 ) = [ 1000 1000   1.197e-01   8.354 ];
data_trsm_atlas( 26, 1:4 ) = [ 1040 1040   1.346e-01   8.360 ];
data_trsm_atlas( 27, 1:4 ) = [ 1080 1080   1.500e-01   8.399 ];
data_trsm_atlas( 28, 1:4 ) = [ 1120 1120   1.664e-01   8.442 ];
data_trsm_atlas( 29, 1:4 ) = [ 1160 1160   1.849e-01   8.441 ];
data_trsm_atlas( 30, 1:4 ) = [ 1200 1200   2.043e-01   8.458 ];
data_trsm_atlas( 31, 1:4 ) = [ 1240 1240   2.247e-01   8.487 ];
data_trsm_atlas( 32, 1:4 ) = [ 1280 1280   2.472e-01   8.483 ];
data_trsm_atlas( 33, 1:4 ) = [ 1320 1320   2.726e-01   8.438 ];
data_trsm_atlas( 34, 1:4 ) = [ 1360 1360   2.973e-01   8.460 ];
data_trsm_atlas( 35, 1:4 ) = [ 1400 1400   3.230e-01   8.495 ];
data_trsm_atlas( 36, 1:4 ) = [ 1440 1440   3.514e-01   8.496 ];
data_trsm_atlas( 37, 1:4 ) = [ 1480 1480   3.807e-01   8.515 ];
data_trsm_atlas( 38, 1:4 ) = [ 1520 1520   4.124e-01   8.515 ];
data_trsm_atlas( 39, 1:4 ) = [ 1560 1560   4.452e-01   8.527 ];
data_trsm_atlas( 40, 1:4 ) = [ 1600 1600   4.780e-01   8.570 ];
data_trsm_atlas( 41, 1:4 ) = [ 1640 1640   5.147e-01   8.571 ];
data_trsm_atlas( 42, 1:4 ) = [ 1680 1680   5.504e-01   8.614 ];
data_trsm_atlas( 43, 1:4 ) = [ 1720 1720   5.910e-01   8.610 ];
data_trsm_atlas( 44, 1:4 ) = [ 1760 1760   6.321e-01   8.625 ];
data_trsm_atlas( 45, 1:4 ) = [ 1800 1800   6.762e-01   8.625 ];
data_trsm_atlas( 46, 1:4 ) = [ 1840 1840   7.199e-01   8.653 ];
data_trsm_atlas( 47, 1:4 ) = [ 1880 1880   7.672e-01   8.661 ];
data_trsm_atlas( 48, 1:4 ) = [ 1920 1920   8.164e-01   8.669 ];
data_trsm_atlas( 49, 1:4 ) = [ 1960 1960   8.656e-01   8.699 ];
data_trsm_atlas( 50, 1:4 ) = [ 2000 2000   9.206e-01   8.690 ];
