data_trsm_blis(  1, 1:4 ) = [  200  200   4.655e-03   1.719 ];
data_trsm_blis(  2, 1:4 ) = [  400  400   3.583e-02   1.786 ];
data_trsm_blis(  3, 1:4 ) = [  600  600   1.198e-01   1.803 ];
data_trsm_blis(  4, 1:4 ) = [  800  800   2.823e-01   1.814 ];
data_trsm_blis(  5, 1:4 ) = [ 1000 1000   5.497e-01   1.819 ];
data_trsm_blis(  6, 1:4 ) = [ 1200 1200   9.483e-01   1.822 ];
data_trsm_blis(  7, 1:4 ) = [ 1400 1400   1.503e+00   1.826 ];
data_trsm_blis(  8, 1:4 ) = [ 1600 1600   2.242e+00   1.827 ];
data_trsm_blis(  9, 1:4 ) = [ 1800 1800   3.189e+00   1.829 ];
data_trsm_blis( 10, 1:4 ) = [ 2000 2000   4.372e+00   1.830 ];
