data_trsv_openblas(  1, 1:3 ) = [   40   2.000e-06   0.800 ];
data_trsv_openblas(  2, 1:3 ) = [   80   4.000e-06   1.600 ];
data_trsv_openblas(  3, 1:3 ) = [  120   7.000e-06   2.057 ];
data_trsv_openblas(  4, 1:3 ) = [  160   1.200e-05   2.133 ];
data_trsv_openblas(  5, 1:3 ) = [  200   1.700e-05   2.353 ];
data_trsv_openblas(  6, 1:3 ) = [  240   2.400e-05   2.400 ];
data_trsv_openblas(  7, 1:3 ) = [  280   3.200e-05   2.450 ];
data_trsv_openblas(  8, 1:3 ) = [  320   4.000e-05   2.560 ];
data_trsv_openblas(  9, 1:3 ) = [  360   5.000e-05   2.592 ];
data_trsv_openblas( 10, 1:3 ) = [  400   6.100e-05   2.623 ];
data_trsv_openblas( 11, 1:3 ) = [  440   7.200e-05   2.689 ];
data_trsv_openblas( 12, 1:3 ) = [  480   8.300e-05   2.776 ];
data_trsv_openblas( 13, 1:3 ) = [  520   1.000e-04   2.704 ];
data_trsv_openblas( 14, 1:3 ) = [  560   1.140e-04   2.751 ];
data_trsv_openblas( 15, 1:3 ) = [  600   1.350e-04   2.667 ];
data_trsv_openblas( 16, 1:3 ) = [  640   1.500e-04   2.731 ];
data_trsv_openblas( 17, 1:3 ) = [  680   1.770e-04   2.612 ];
data_trsv_openblas( 18, 1:3 ) = [  720   2.070e-04   2.504 ];
data_trsv_openblas( 19, 1:3 ) = [  760   2.330e-04   2.479 ];
data_trsv_openblas( 20, 1:3 ) = [  800   2.730e-04   2.344 ];
data_trsv_openblas( 21, 1:3 ) = [  840   3.080e-04   2.291 ];
data_trsv_openblas( 22, 1:3 ) = [  880   3.450e-04   2.245 ];
data_trsv_openblas( 23, 1:3 ) = [  920   3.930e-04   2.154 ];
data_trsv_openblas( 24, 1:3 ) = [  960   4.470e-04   2.062 ];
data_trsv_openblas( 25, 1:3 ) = [ 1000   4.960e-04   2.016 ];
data_trsv_openblas( 26, 1:3 ) = [ 1040   5.530e-04   1.956 ];
data_trsv_openblas( 27, 1:3 ) = [ 1080   5.970e-04   1.954 ];
data_trsv_openblas( 28, 1:3 ) = [ 1120   6.460e-04   1.942 ];
data_trsv_openblas( 29, 1:3 ) = [ 1160   6.930e-04   1.942 ];
data_trsv_openblas( 30, 1:3 ) = [ 1200   7.560e-04   1.905 ];
data_trsv_openblas( 31, 1:3 ) = [ 1240   8.000e-04   1.922 ];
data_trsv_openblas( 32, 1:3 ) = [ 1280   8.630e-04   1.898 ];
data_trsv_openblas( 33, 1:3 ) = [ 1320   9.200e-04   1.894 ];
data_trsv_openblas( 34, 1:3 ) = [ 1360   1.011e-03   1.829 ];
data_trsv_openblas( 35, 1:3 ) = [ 1400   1.043e-03   1.879 ];
data_trsv_openblas( 36, 1:3 ) = [ 1440   1.175e-03   1.765 ];
data_trsv_openblas( 37, 1:3 ) = [ 1480   1.157e-03   1.893 ];
data_trsv_openblas( 38, 1:3 ) = [ 1520   1.271e-03   1.818 ];
data_trsv_openblas( 39, 1:3 ) = [ 1560   1.351e-03   1.801 ];
data_trsv_openblas( 40, 1:3 ) = [ 1600   1.425e-03   1.796 ];
data_trsv_openblas( 41, 1:3 ) = [ 1640   1.552e-03   1.733 ];
data_trsv_openblas( 42, 1:3 ) = [ 1680   1.732e-03   1.630 ];
data_trsv_openblas( 43, 1:3 ) = [ 1720   2.042e-03   1.449 ];
data_trsv_openblas( 44, 1:3 ) = [ 1760   2.296e-03   1.349 ];
data_trsv_openblas( 45, 1:3 ) = [ 1800   2.677e-03   1.210 ];
data_trsv_openblas( 46, 1:3 ) = [ 1840   3.080e-03   1.099 ];
data_trsv_openblas( 47, 1:3 ) = [ 1880   3.514e-03   1.006 ];
data_trsv_openblas( 48, 1:3 ) = [ 1920   3.988e-03   0.924 ];
data_trsv_openblas( 49, 1:3 ) = [ 1960   4.472e-03   0.859 ];
data_trsv_openblas( 50, 1:3 ) = [ 2000   5.268e-03   0.759 ];
