data_trsv_atlas(  1, 1:3 ) = [   40   2.000e-06   0.800 ];
data_trsv_atlas(  2, 1:3 ) = [   80   5.000e-06   1.280 ];
data_trsv_atlas(  3, 1:3 ) = [  120   1.000e-05   1.440 ];
data_trsv_atlas(  4, 1:3 ) = [  160   1.700e-05   1.506 ];
data_trsv_atlas(  5, 1:3 ) = [  200   2.700e-05   1.481 ];
data_trsv_atlas(  6, 1:3 ) = [  240   3.100e-05   1.858 ];
data_trsv_atlas(  7, 1:3 ) = [  280   3.800e-05   2.063 ];
data_trsv_atlas(  8, 1:3 ) = [  320   4.400e-05   2.327 ];
data_trsv_atlas(  9, 1:3 ) = [  360   5.500e-05   2.356 ];
data_trsv_atlas( 10, 1:3 ) = [  400   6.200e-05   2.581 ];
data_trsv_atlas( 11, 1:3 ) = [  440   7.500e-05   2.581 ];
data_trsv_atlas( 12, 1:3 ) = [  480   8.400e-05   2.743 ];
data_trsv_atlas( 13, 1:3 ) = [  520   1.430e-04   1.891 ];
data_trsv_atlas( 14, 1:3 ) = [  560   1.580e-04   1.985 ];
data_trsv_atlas( 15, 1:3 ) = [  600   1.860e-04   1.935 ];
data_trsv_atlas( 16, 1:3 ) = [  640   2.010e-04   2.038 ];
data_trsv_atlas( 17, 1:3 ) = [  680   2.390e-04   1.935 ];
data_trsv_atlas( 18, 1:3 ) = [  720   2.600e-04   1.994 ];
data_trsv_atlas( 19, 1:3 ) = [  760   3.040e-04   1.900 ];
data_trsv_atlas( 20, 1:3 ) = [  800   3.330e-04   1.922 ];
data_trsv_atlas( 21, 1:3 ) = [  840   3.780e-04   1.867 ];
data_trsv_atlas( 22, 1:3 ) = [  880   4.050e-04   1.912 ];
data_trsv_atlas( 23, 1:3 ) = [  920   4.630e-04   1.828 ];
data_trsv_atlas( 24, 1:3 ) = [  960   4.930e-04   1.869 ];
data_trsv_atlas( 25, 1:3 ) = [ 1000   5.560e-04   1.799 ];
data_trsv_atlas( 26, 1:3 ) = [ 1040   5.730e-04   1.888 ];
data_trsv_atlas( 27, 1:3 ) = [ 1080   6.450e-04   1.808 ];
data_trsv_atlas( 28, 1:3 ) = [ 1120   6.640e-04   1.889 ];
data_trsv_atlas( 29, 1:3 ) = [ 1160   7.420e-04   1.813 ];
data_trsv_atlas( 30, 1:3 ) = [ 1200   7.600e-04   1.895 ];
data_trsv_atlas( 31, 1:3 ) = [ 1240   8.610e-04   1.786 ];
data_trsv_atlas( 32, 1:3 ) = [ 1280   8.550e-04   1.916 ];
data_trsv_atlas( 33, 1:3 ) = [ 1320   1.008e-03   1.729 ];
data_trsv_atlas( 34, 1:3 ) = [ 1360   9.960e-04   1.857 ];
data_trsv_atlas( 35, 1:3 ) = [ 1400   1.080e-03   1.815 ];
data_trsv_atlas( 36, 1:3 ) = [ 1440   1.171e-03   1.771 ];
data_trsv_atlas( 37, 1:3 ) = [ 1480   1.295e-03   1.691 ];
data_trsv_atlas( 38, 1:3 ) = [ 1520   1.416e-03   1.632 ];
data_trsv_atlas( 39, 1:3 ) = [ 1560   1.540e-03   1.580 ];
data_trsv_atlas( 40, 1:3 ) = [ 1600   1.770e-03   1.446 ];
data_trsv_atlas( 41, 1:3 ) = [ 1640   1.981e-03   1.358 ];
data_trsv_atlas( 42, 1:3 ) = [ 1680   2.224e-03   1.269 ];
data_trsv_atlas( 43, 1:3 ) = [ 1720   2.547e-03   1.162 ];
data_trsv_atlas( 44, 1:3 ) = [ 1760   2.747e-03   1.128 ];
data_trsv_atlas( 45, 1:3 ) = [ 1800   3.165e-03   1.024 ];
data_trsv_atlas( 46, 1:3 ) = [ 1840   3.513e-03   0.964 ];
data_trsv_atlas( 47, 1:3 ) = [ 1880   4.099e-03   0.862 ];
data_trsv_atlas( 48, 1:3 ) = [ 1920   4.553e-03   0.810 ];
data_trsv_atlas( 49, 1:3 ) = [ 1960   5.026e-03   0.764 ];
data_trsv_atlas( 50, 1:3 ) = [ 2000   5.371e-03   0.745 ];
